# unix_time, cycles_done, cur_path, paths_total, pending_total, pending_favs, map_size, unique_crashes, unique_hangs, max_depth, execs_per_sec
1651422396, 0, 0, 5, 5, 1, 1.17%, 0, 0, 2, 712.76, 3585
1651422401, 0, 0, 6, 6, 1, 1.17%, 0, 0, 2, 712.84, 7275
1651422406, 0, 4, 8, 6, 4, 1.19%, 0, 0, 3, 713.28, 10905
1651422411, 0, 3, 16, 13, 3, 1.20%, 0, 0, 3, 714.04, 14533
1651422416, 0, 19, 20, 16, 3, 1.21%, 0, 0, 3, 714.08, 18176
1651422421, 0, 26, 30, 24, 6, 1.26%, 0, 0, 6, 712.92, 21776
1651422426, 0, 25, 33, 26, 7, 1.28%, 0, 0, 6, 712.21, 25437
1651422431, 0, 24, 33, 24, 7, 1.28%, 0, 0, 6, 712.55, 29047
1651422436, 0, 22, 35, 24, 5, 1.41%, 0, 0, 7, 713.20, 32678
1651422442, 0, 34, 38, 25, 4, 1.45%, 0, 0, 7, 712.73, 36282
1651422447, 0, 35, 40, 26, 5, 1.45%, 0, 0, 8, 710.72, 39918
1651422452, 0, 37, 42, 27, 5, 1.46%, 0, 0, 8, 712.20, 43534
1651422457, 0, 41, 45, 29, 5, 1.47%, 1, 0, 9, 712.54, 47182
1651422462, 0, 41, 46, 30, 5, 1.56%, 1, 0, 9, 712.78, 50872
1651422467, 0, 41, 46, 30, 5, 1.56%, 1, 0, 9, 713.03, 54568
1651422472, 0, 45, 46, 29, 7, 1.56%, 1, 0, 9, 712.49, 58220
1651422477, 0, 45, 49, 32, 7, 1.57%, 1, 0, 10, 708.77, 61842
1651422483, 0, 45, 50, 33, 7, 1.57%, 1, 0, 10, 709.53, 65487
1651422488, 0, 48, 51, 32, 6, 1.58%, 1, 0, 11, 700.96, 68998
1651422493, 0, 44, 51, 30, 5, 1.58%, 1, 0, 11, 707.08, 72578
1651422496, 0, 40, 51, 28, 3, 0.00%, 1, 0, 11, 0.00, 74723
