# unix_time, cycles_done, cur_path, paths_total, pending_total, pending_favs, map_size, unique_crashes, unique_hangs, max_depth, execs_per_sec
1651741939, 0, 0, 336, 336, 1, 2.45%, 0, 0, 2, 6876.99, 36352
1651741944, 0, 244, 455, 454, 115, 2.51%, 0, 0, 3, 7348.65, 71399
1651741949, 0, 234, 526, 522, 120, 2.55%, 0, 0, 3, 7546.48, 111212
1651741954, 0, 481, 599, 592, 120, 2.64%, 0, 0, 4, 7748.85, 151121
1651741959, 0, 316, 655, 645, 132, 2.69%, 0, 0, 4, 7580.43, 189382
1651741964, 0, 292, 710, 698, 134, 2.73%, 0, 0, 5, 7653.71, 227057
1651741970, 0, 588, 751, 737, 137, 2.75%, 0, 0, 5, 6523.86, 261290
1651741975, 0, 679, 777, 762, 141, 2.80%, 0, 0, 5, 7240.94, 299892
1651741980, 0, 518, 800, 784, 140, 2.81%, 0, 0, 5, 7044.75, 335594
1651741985, 0, 581, 833, 809, 138, 2.81%, 0, 0, 5, 7321.93, 373953
1651741990, 0, 756, 859, 832, 135, 2.82%, 0, 0, 6, 7480.40, 412088
1651741995, 0, 338, 892, 862, 133, 2.84%, 0, 0, 6, 7068.35, 446001
1651742000, 0, 928, 951, 906, 128, 2.86%, 0, 0, 6, 6844.93, 481845
1651742005, 0, 814, 961, 910, 126, 2.88%, 0, 0, 6, 6751.20, 515998
1651742010, 0, 972, 1007, 947, 120, 2.89%, 0, 0, 7, 5964.82, 541180
1651742015, 0, 892, 1022, 960, 118, 2.91%, 0, 0, 7, 6817.50, 576546
1651742021, 0, 1035, 1043, 960, 104, 2.92%, 0, 0, 7, 6703.50, 611714
1651742026, 0, 707, 1053, 963, 99, 2.93%, 0, 0, 7, 6503.95, 643116
1651742031, 0, 953, 1082, 976, 86, 2.94%, 0, 0, 8, 6587.98, 677654
1651742036, 0, 1024, 1096, 986, 85, 2.96%, 0, 0, 8, 6888.79, 712058
1651742041, 0, 637, 1107, 987, 82, 2.97%, 0, 0, 8, 7254.68, 750675
1651742046, 0, 1046, 1119, 998, 81, 2.98%, 0, 0, 8, 6727.95, 784896
1651742051, 0, 1067, 1137, 1011, 78, 2.98%, 0, 0, 8, 7249.71, 822040
1651742057, 0, 803, 1162, 1026, 69, 2.99%, 0, 0, 8, 6377.18, 857224
1651742062, 0, 776, 1179, 1037, 64, 3.00%, 0, 0, 8, 5920.97, 885019
1651742067, 0, 1087, 1187, 1038, 62, 3.03%, 0, 0, 8, 6345.37, 916505
1651742072, 0, 1123, 1207, 1037, 45, 3.04%, 0, 0, 8, 6730.91, 951712
1651742077, 0, 1123, 1223, 1053, 45, 3.09%, 0, 0, 8, 1324.14, 981686
1651742082, 0, 1068, 1241, 1065, 42, 3.10%, 0, 0, 8, 3323.88, 998258
1651742087, 0, 1068, 1247, 1071, 42, 3.11%, 0, 0, 8, 4114.41, 1020549
1651742092, 0, 1181, 1262, 1082, 40, 3.12%, 0, 0, 8, 4736.11, 1045200
1651742097, 0, 1245, 1270, 1089, 45, 3.12%, 0, 0, 8, 4621.60, 1068894
1651742102, 0, 1245, 1273, 1092, 45, 3.12%, 0, 0, 8, 4290.94, 1090095
1651742107, 0, 951, 1276, 1079, 31, 3.13%, 0, 0, 8, 6062.57, 1121342
1651742113, 0, 1277, 1291, 1091, 37, 3.15%, 0, 0, 8, 6796.37, 1157484
1651742118, 0, 1285, 1304, 1102, 34, 3.17%, 0, 0, 8, 6778.75, 1191480
1651742123, 0, 1186, 1322, 1113, 33, 3.18%, 0, 0, 9, 4961.62, 1212326
1651742128, 0, 1282, 1335, 1119, 31, 3.18%, 0, 0, 10, 6315.44, 1246213
1651742133, 0, 1263, 1349, 1132, 31, 3.19%, 0, 0, 10, 5403.82, 1272420
1651742138, 0, 1299, 1363, 1138, 24, 3.19%, 0, 0, 11, 5532.52, 1300283
1651742143, 0, 1351, 1376, 1141, 16, 3.19%, 0, 0, 11, 1227.66, 1315125
1651742148, 0, 1351, 1380, 1145, 16, 3.19%, 0, 0, 11, 1339.30, 1322193
1651742154, 0, 1351, 1381, 1146, 16, 3.19%, 0, 0, 11, 1364.88, 1329091
1651742159, 0, 1351, 1381, 1146, 16, 3.19%, 0, 0, 11, 1377.54, 1336003
1651742164, 0, 1294, 1398, 1152, 11, 3.19%, 0, 0, 11, 3780.18, 1359745
1651742169, 0, 1294, 1402, 1156, 11, 3.20%, 0, 0, 11, 4030.82, 1380463
1651742174, 0, 1393, 1412, 1155, 6, 3.20%, 0, 0, 11, 5109.09, 1408265
1651742179, 0, 1422, 1428, 1164, 6, 3.22%, 0, 0, 11, 5931.74, 1439004
1651742184, 0, 1422, 1439, 1175, 6, 3.24%, 0, 0, 11, 3638.18, 1454501
1651742189, 0, 1429, 1445, 1170, 8, 3.24%, 0, 0, 12, 4618.29, 1479362
1651742194, 0, 72, 1452, 1165, 3, 3.25%, 0, 0, 13, 5840.53, 1509467
1651742199, 0, 1277, 1456, 1165, 4, 3.25%, 0, 0, 13, 6813.41, 1546948
1651742205, 0, 837, 1465, 1165, 2, 3.25%, 0, 0, 13, 5976.56, 1576333
1651742210, 0, 603, 1470, 1162, 2, 3.25%, 0, 0, 13, 6808.40, 1610269
1651742215, 0, 1465, 1475, 1162, 1, 3.33%, 0, 0, 13, 4116.55, 1630545
1651742220, 0, 814, 1483, 1168, 7, 3.35%, 0, 0, 13, 6488.35, 1666930
1651742225, 0, 1473, 1520, 1201, 6, 3.40%, 0, 0, 13, 4916.06, 1691125
1651742230, 0, 1522, 1532, 1212, 13, 3.41%, 0, 0, 13, 4120.31, 1711509
1651742235, 0, 1513, 1534, 1213, 16, 3.42%, 0, 0, 13, 3809.27, 1730134
1651742240, 0, 1533, 1548, 1223, 15, 3.52%, 0, 0, 13, 4220.80, 1754077
1651742245, 0, 1537, 1564, 1238, 17, 3.56%, 0, 0, 13, 4144.19, 1773808
1651742250, 0, 1481, 1576, 1245, 19, 3.57%, 0, 0, 13, 5811.31, 1807822
1651742255, 0, 1562, 1594, 1260, 17, 3.58%, 0, 0, 13, 4906.91, 1827606
1651742260, 0, 1530, 1600, 1261, 16, 3.59%, 0, 0, 14, 6411.91, 1861608
1651742265, 0, 1603, 1614, 1266, 10, 3.66%, 0, 0, 14, 6161.82, 1890707
1651742270, 0, 1608, 1629, 1280, 21, 3.74%, 0, 0, 14, 7169.70, 1928029
1651742276, 0, 1622, 1657, 1306, 21, 3.75%, 0, 0, 14, 6987.08, 1964492
1651742281, 0, 1657, 1694, 1342, 27, 3.79%, 0, 0, 14, 6904.01, 2000470
1651742286, 0, 1657, 1713, 1361, 27, 3.81%, 0, 0, 14, 6286.57, 2032554
1651742291, 0, 1709, 1730, 1376, 32, 3.84%, 0, 0, 14, 6913.25, 2068466
1651742296, 0, 1687, 1744, 1387, 35, 3.85%, 0, 0, 15, 4246.47, 2090183
1651742301, 0, 1727, 1757, 1392, 32, 3.85%, 0, 0, 15, 5558.57, 2118751
1651742306, 0, 1601, 1777, 1407, 27, 3.87%, 0, 0, 15, 6104.70, 2149730
1651742311, 0, 1730, 1785, 1411, 30, 3.87%, 0, 0, 16, 6795.69, 2185365
1651742316, 0, 936, 1798, 1411, 23, 3.88%, 0, 0, 16, 6644.46, 2218219
1651742322, 0, 1802, 1810, 1411, 16, 3.88%, 0, 0, 16, 6003.46, 2249559
1651742327, 0, 1810, 1820, 1416, 12, 3.88%, 0, 0, 16, 6271.72, 2282846
1651742332, 0, 1612, 1827, 1417, 9, 3.89%, 0, 0, 16, 5644.13, 2310092
1651742337, 0, 1008, 1834, 1418, 5, 3.89%, 0, 0, 16, 6353.37, 2342581
1651742342, 0, 1615, 1837, 1417, 2, 3.89%, 0, 0, 16, 5798.33, 2370245
1651742347, 0, 1298, 1842, 1419, 1, 3.89%, 0, 0, 17, 6645.24, 2405305
1651742352, 0, 803, 1846, 1411, 0, 3.89%, 0, 0, 17, 5780.81, 2432869
1651742357, 0, 580, 1849, 1413, 0, 3.89%, 0, 0, 17, 7053.44, 2470234
1651742362, 0, 1346, 1853, 1417, 0, 3.89%, 0, 0, 17, 6407.82, 2502137
1651742367, 0, 1284, 1856, 1420, 0, 3.89%, 0, 0, 17, 6967.24, 2537209
1651742372, 0, 1296, 1860, 1424, 0, 3.89%, 0, 0, 17, 5713.52, 2565955
1651742378, 0, 1169, 1863, 1427, 0, 3.89%, 0, 0, 17, 6000.99, 2595608
1651742383, 0, 1717, 1866, 1429, 0, 3.89%, 0, 0, 17, 6545.29, 2630431
1651742388, 0, 1668, 1870, 1433, 0, 3.89%, 0, 0, 17, 6004.60, 2659688
1651742393, 0, 1680, 1875, 1436, 0, 3.89%, 0, 0, 17, 6154.27, 2691657
1651742398, 0, 792, 1877, 1438, 0, 3.89%, 0, 0, 17, 6240.07, 2723853
1651742403, 0, 1253, 1882, 1443, 0, 3.89%, 0, 0, 17, 5809.26, 2750988
1651742408, 0, 1886, 1888, 1446, 1, 3.89%, 0, 0, 17, 5952.17, 2781017
1651742413, 0, 935, 1896, 1446, 1, 3.90%, 0, 0, 17, 2816.54, 2811244
1651742418, 0, 1733, 1914, 1459, 1, 3.91%, 0, 0, 17, 2825.43, 2828486
1651742423, 0, 1831, 1928, 1470, 10, 3.92%, 0, 0, 17, 6391.58, 2865515
1651742428, 0, 1912, 1933, 1472, 12, 3.93%, 0, 0, 17, 1279.99, 2882473
1651742433, 0, 1912, 1934, 1473, 12, 3.93%, 0, 0, 17, 1388.16, 2889612
1651742439, 0, 578, 1934, 1472, 15, 3.93%, 0, 0, 17, 2029.29, 2899040
1651742444, 0, 1918, 1938, 1469, 11, 3.93%, 0, 0, 17, 5359.48, 2929528
1651742449, 0, 1571, 1941, 1469, 8, 3.93%, 0, 0, 17, 6143.62, 2953643
1651742454, 0, 1930, 1943, 1465, 5, 3.93%, 0, 0, 17, 6426.40, 2981578
1651742459, 0, 1910, 1948, 1463, 4, 3.93%, 0, 0, 17, 6062.50, 3009926
1651742464, 0, 1326, 1955, 1466, 2, 3.93%, 0, 0, 17, 2725.88, 3030265
1651742469, 0, 1326, 1955, 1466, 2, 3.93%, 0, 0, 17, 3733.80, 3050339
1651742474, 0, 1277, 1957, 1462, 0, 3.93%, 0, 0, 17, 7790.00, 3071561
1651742479, 0, 1199, 1961, 1466, 0, 3.93%, 0, 0, 17, 7267.12, 3107454
1651742484, 0, 1571, 1962, 1466, 0, 3.93%, 0, 0, 17, 6922.48, 3140063
1651742489, 0, 769, 1970, 1472, 0, 3.93%, 0, 0, 17, 6556.90, 3173868
1651742494, 0, 59, 1975, 1476, 0, 3.93%, 0, 0, 17, 6337.61, 3205599
1651742500, 0, 1725, 1980, 1480, 0, 3.93%, 0, 0, 17, 6684.65, 3240272
1651742505, 0, 1905, 1982, 1482, 1, 3.93%, 0, 0, 17, 5310.09, 3267181
1651742510, 0, 1363, 1986, 1484, 1, 3.93%, 0, 0, 17, 5691.51, 3294588
1651742515, 0, 564, 1990, 1485, 0, 3.94%, 0, 0, 17, 6611.13, 3328478
1651742520, 0, 1564, 1992, 1487, 0, 3.94%, 0, 0, 17, 7127.18, 3364689
1651742525, 0, 1008, 1994, 1488, 0, 3.94%, 0, 0, 17, 6599.32, 3397037
1651742530, 0, 1571, 1998, 1492, 0, 3.94%, 0, 0, 17, 7279.52, 3435749
1651742535, 0, 1978, 1999, 1492, 0, 3.94%, 0, 0, 17, 6374.84, 3467400
1651742540, 0, 1599, 1999, 1491, 0, 3.94%, 0, 0, 17, 7061.99, 3503427
1651742545, 0, 1011, 1999, 1490, 0, 3.94%, 0, 0, 17, 7098.14, 3539756
1651742550, 0, 649, 2000, 1490, 0, 3.94%, 0, 0, 17, 6332.37, 3570225
1651742556, 0, 1698, 2002, 1492, 0, 3.94%, 0, 0, 17, 5088.67, 3595007
1651742561, 0, 379, 2003, 1493, 0, 3.94%, 0, 0, 17, 6639.44, 3629413
1651742566, 0, 15, 2005, 1493, 0, 3.94%, 0, 0, 17, 6831.88, 3664459
1651742571, 0, 1621, 2008, 1495, 0, 3.94%, 0, 0, 17, 6595.60, 3698642
1651742576, 0, 1206, 2010, 1497, 0, 3.94%, 0, 0, 17, 6799.35, 3733456
1651742581, 0, 627, 2010, 1497, 0, 3.94%, 0, 0, 17, 5803.25, 3763207
1651742586, 0, 649, 2013, 1500, 0, 3.94%, 0, 0, 17, 6667.18, 3797259
1651742591, 0, 1286, 2016, 1503, 0, 3.94%, 0, 0, 17, 6672.89, 3830354
1651742596, 0, 1296, 2020, 1503, 0, 3.94%, 0, 0, 17, 6209.69, 3862475
1651742601, 0, 781, 2024, 1506, 0, 3.94%, 0, 0, 17, 5177.79, 3879864
1651742606, 0, 1924, 2031, 1513, 0, 3.94%, 0, 0, 17, 5816.43, 3909917
1651742611, 0, 1732, 2031, 1512, 0, 3.94%, 0, 0, 17, 6405.55, 3943803
1651742616, 0, 699, 2034, 1511, 0, 3.94%, 0, 0, 17, 6564.97, 3976178
1651742621, 0, 1629, 2034, 1511, 0, 3.94%, 0, 0, 17, 5633.88, 4005543
1651742626, 0, 568, 2036, 1512, 0, 3.94%, 0, 0, 17, 6868.82, 4041725
1651742631, 0, 222, 2037, 1506, 1, 3.94%, 0, 0, 17, 6555.73, 4076681
1651742637, 0, 86, 2040, 1503, 0, 3.95%, 0, 0, 17, 6910.19, 4113165
1651742642, 0, 2036, 2043, 1506, 0, 3.95%, 0, 0, 17, 6896.93, 4148115
1651742647, 0, 1206, 2046, 1507, 0, 3.95%, 0, 0, 17, 6940.20, 4183422
1651742652, 0, 570, 2050, 1511, 1, 3.95%, 0, 0, 17, 4636.76, 4202575
1651742657, 0, 1717, 2052, 1511, 1, 3.95%, 0, 0, 17, 5831.39, 4232235
1651742662, 0, 2052, 2059, 1518, 2, 3.95%, 0, 0, 17, 5824.49, 4261573
1651742667, 0, 1286, 2063, 1514, 1, 3.95%, 0, 0, 17, 5796.40, 4290864
1651742672, 0, 568, 2068, 1518, 0, 3.95%, 0, 0, 17, 6692.29, 4323597
1651742677, 0, 1231, 2068, 1518, 0, 3.95%, 0, 0, 17, 5969.90, 4353967
1651742682, 0, 1571, 2069, 1518, 0, 3.95%, 0, 0, 17, 7141.63, 4392051
1651742687, 0, 265, 2069, 1518, 0, 3.95%, 0, 0, 17, 7112.13, 4427687
1651742693, 0, 1298, 2071, 1519, 0, 3.95%, 0, 0, 17, 6133.37, 4457832
1651742698, 0, 1753, 2071, 1519, 0, 3.95%, 0, 0, 17, 6291.38, 4489588
1651742703, 0, 877, 2073, 1521, 0, 3.95%, 0, 0, 17, 6593.23, 4523077
1651742708, 0, 647, 2076, 1522, 0, 3.95%, 0, 0, 17, 6385.69, 4553217
1651742713, 0, 701, 2078, 1523, 0, 3.95%, 0, 0, 17, 6860.09, 4589288
1651742718, 0, 887, 2080, 1520, 1, 3.95%, 0, 0, 17, 6428.03, 4621452
1651742723, 0, 191, 2084, 1514, 0, 3.95%, 0, 0, 17, 5641.24, 4649280
1651742728, 0, 649, 2086, 1516, 0, 3.95%, 0, 0, 17, 5917.03, 4679727
1651742733, 0, 1365, 2088, 1518, 0, 3.95%, 0, 0, 17, 6462.51, 4712740
1651742738, 0, 108, 2095, 1524, 5, 3.97%, 0, 0, 17, 5926.18, 4743118
1651742743, 0, 2094, 2098, 1519, 3, 3.97%, 0, 0, 17, 5260.47, 4768893
1651742748, 0, 1698, 2100, 1509, 0, 3.97%, 0, 0, 17, 5600.07, 4797597
1651742753, 0, 1668, 2101, 1509, 0, 3.97%, 0, 0, 17, 6396.01, 4831704
1651742758, 0, 1720, 2101, 1509, 0, 3.97%, 0, 0, 17, 6518.68, 4864662
1651742764, 0, 1613, 2107, 1513, 1, 3.98%, 0, 0, 17, 7009.15, 4902694
1651742769, 0, 1601, 2108, 1512, 0, 3.98%, 0, 0, 17, 6253.70, 4931423
1651742774, 0, 1049, 2108, 1511, 0, 3.98%, 0, 0, 17, 6555.63, 4961067
1651742779, 0, 1927, 2110, 1512, 0, 3.98%, 0, 0, 17, 6547.00, 4993070
1651742784, 0, 1646, 2111, 1512, 0, 3.98%, 0, 0, 17, 6614.27, 5026583
1651742789, 0, 1615, 2117, 1512, 0, 3.98%, 0, 0, 17, 7025.46, 5062942
1651742794, 0, 2080, 2118, 1512, 0, 3.98%, 0, 0, 17, 6028.55, 5093020
1651742800, 0, 1608, 2122, 1515, 0, 3.98%, 0, 0, 17, 6737.44, 5127283
1651742805, 0, 654, 2123, 1515, 0, 3.98%, 0, 0, 17, 6558.50, 5161073
1651742810, 0, 1830, 2125, 1516, 0, 3.98%, 0, 0, 17, 5402.22, 5189301
1651742815, 0, 1720, 2130, 1520, 2, 3.98%, 0, 0, 17, 5688.20, 5218727
1651742820, 0, 2104, 2131, 1511, 1, 3.98%, 0, 0, 17, 5943.46, 5247879
1651742825, 0, 1727, 2133, 1505, 0, 3.98%, 0, 0, 17, 6539.52, 5282092
1651742830, 0, 844, 2134, 1503, 1, 3.98%, 0, 0, 17, 6387.24, 5313990
1651742835, 0, 2133, 2143, 1506, 2, 3.98%, 0, 0, 17, 5610.30, 5341813
1651742840, 0, 1253, 2147, 1504, 1, 4.00%, 0, 0, 17, 5780.48, 5371415
1651742845, 0, 2145, 2156, 1511, 1, 4.01%, 0, 0, 17, 5780.06, 5403030
1651742851, 0, 2155, 2161, 1513, 4, 4.01%, 0, 0, 17, 5606.89, 5430327
1651742856, 0, 1134, 2163, 1510, 0, 4.01%, 0, 0, 17, 5796.34, 5459027
1651742861, 0, 745, 2164, 1511, 0, 4.01%, 0, 0, 17, 6652.96, 5493113
1651742866, 0, 1381, 2166, 1513, 0, 4.01%, 0, 0, 17, 6079.86, 5524723
1651742871, 0, 1924, 2167, 1514, 0, 4.01%, 0, 0, 17, 6408.24, 5557089
1651742876, 0, 1819, 2167, 1514, 0, 4.01%, 0, 0, 17, 6377.36, 5590180
1651742881, 0, 2126, 2171, 1517, 0, 4.01%, 0, 0, 17, 6085.64, 5620452
1651742886, 0, 627, 2171, 1516, 0, 4.01%, 0, 0, 17, 5983.20, 5649207
1651742891, 0, 2172, 2174, 1517, 1, 4.02%, 0, 0, 17, 6388.43, 5681445
1651742896, 0, 1199, 2176, 1516, 0, 4.02%, 0, 0, 17, 5830.04, 5710919
1651742901, 0, 1178, 2176, 1515, 0, 4.02%, 0, 0, 17, 6289.45, 5743248
1651742906, 0, 1727, 2178, 1517, 0, 4.02%, 0, 0, 17, 6208.66, 5774691
1651742911, 0, 1913, 2181, 1518, 0, 4.02%, 0, 0, 17, 4703.94, 5798348
1651742917, 0, 745, 2181, 1515, 0, 4.02%, 0, 0, 17, 6501.74, 5831908
1651742922, 0, 1978, 2181, 1514, 0, 4.02%, 0, 0, 17, 6254.69, 5863616
1651742927, 0, 1330, 2183, 1515, 0, 4.02%, 0, 0, 17, 5610.51, 5891387
1651742932, 0, 1014, 2183, 1515, 0, 4.02%, 0, 0, 17, 6388.60, 5925586
1651742937, 0, 727, 2184, 1515, 0, 4.02%, 0, 0, 17, 5833.72, 5956767
1651742942, 0, 1009, 2184, 1513, 0, 4.02%, 0, 0, 17, 6833.51, 5992194
1651742947, 0, 1645, 2186, 1514, 0, 4.02%, 0, 0, 17, 6554.22, 6025768
1651742953, 0, 2105, 2187, 1515, 0, 4.02%, 0, 0, 17, 6192.21, 6057461
1651742958, 0, 2179, 2191, 1519, 0, 4.02%, 0, 0, 17, 5734.37, 6088080
1651742963, 0, 2179, 2195, 1523, 0, 4.03%, 0, 0, 17, 4517.32, 6109288
1651742968, 0, 2198, 2200, 1519, 1, 4.03%, 0, 0, 17, 4558.18, 6132890
1651742973, 0, 1906, 2201, 1512, 0, 4.03%, 0, 0, 17, 4647.53, 6159192
1651742978, 0, 1097, 2202, 1513, 0, 4.03%, 0, 0, 17, 5835.47, 6189066
1651742983, 0, 769, 2203, 1514, 0, 4.03%, 0, 0, 17, 6056.23, 6221682
1651742988, 0, 1978, 2204, 1515, 0, 4.03%, 0, 0, 17, 6720.78, 6256353
1651742993, 0, 2154, 2204, 1515, 0, 4.03%, 0, 0, 17, 6846.49, 6290359
1651742998, 0, 1381, 2206, 1517, 0, 4.03%, 0, 0, 17, 6053.90, 6319148
1651743003, 0, 1698, 2206, 1516, 0, 4.03%, 0, 0, 17, 5606.71, 6349393
1651743009, 0, 1455, 2207, 1514, 0, 4.03%, 0, 0, 17, 6863.51, 6386562
1651743014, 0, 1787, 2210, 1516, 0, 4.03%, 0, 0, 17, 6200.19, 6415958
1651743019, 0, 1564, 2210, 1516, 0, 4.03%, 0, 0, 17, 6098.33, 6443735
1651743024, 0, 2053, 2211, 1515, 0, 4.03%, 0, 0, 17, 6187.17, 6475679
1651743029, 0, 646, 2213, 1515, 0, 4.03%, 0, 0, 17, 6676.05, 6508216
1651743034, 0, 2200, 2213, 1514, 0, 4.03%, 0, 0, 17, 5959.86, 6539812
1651743039, 0, 1720, 2214, 1515, 0, 4.03%, 0, 0, 17, 6256.81, 6570556
1651743044, 0, 2192, 2215, 1515, 0, 4.03%, 0, 0, 17, 5549.09, 6600229
1651743049, 0, 1154, 2216, 1516, 0, 4.03%, 0, 0, 17, 6474.33, 6634597
1651743054, 0, 2040, 2217, 1514, 0, 4.03%, 0, 0, 17, 6088.39, 6665393
1651743060, 0, 1169, 2217, 1513, 0, 4.03%, 0, 0, 17, 6677.33, 6700754
1651743065, 0, 1778, 2218, 1514, 0, 4.03%, 0, 0, 17, 6698.22, 6734359
1651743070, 0, 1571, 2221, 1516, 0, 4.03%, 0, 0, 17, 6369.76, 6765598
1651743075, 0, 1779, 2221, 1513, 0, 4.03%, 0, 0, 17, 6881.18, 6800764
1651743080, 0, 1720, 2222, 1514, 0, 4.03%, 0, 0, 17, 6155.66, 6831343
1651743085, 0, 1691, 2222, 1514, 0, 4.03%, 0, 0, 17, 6707.33, 6865535
1651743090, 0, 293, 2222, 1514, 0, 4.03%, 0, 0, 17, 3399.84, 6897843
1651743095, 0, 837, 2222, 1512, 0, 4.03%, 0, 0, 17, 5917.77, 6931104
1651743100, 0, 1137, 2222, 1512, 0, 4.03%, 0, 0, 17, 6216.46, 6962347
1651743106, 0, 1599, 2222, 1512, 0, 4.03%, 0, 0, 17, 6755.52, 6997940
1651743111, 0, 647, 2222, 1512, 0, 4.03%, 0, 0, 17, 6930.23, 7033838
1651743116, 0, 1615, 2222, 1512, 0, 4.03%, 0, 0, 17, 6224.29, 7065158
1651743121, 0, 1376, 2223, 1512, 0, 4.03%, 0, 0, 17, 5438.85, 7093604
1651743126, 0, 1404, 2224, 1510, 0, 4.03%, 0, 0, 17, 5871.42, 7125019
1651743131, 0, 1097, 2224, 1509, 0, 4.03%, 0, 0, 17, 6824.69, 7157092
1651743136, 0, 1727, 2226, 1511, 0, 4.03%, 0, 0, 17, 6099.47, 7186301
1651743141, 0, 792, 2226, 1509, 0, 4.03%, 0, 0, 17, 6155.76, 7217096
1651743146, 0, 1612, 2227, 1510, 0, 4.03%, 0, 0, 17, 2785.81, 7247009
1651743151, 0, 108, 2228, 1509, 0, 4.03%, 0, 0, 17, 5750.57, 7280562
1651743156, 0, 1324, 2228, 1507, 0, 4.03%, 0, 0, 17, 6379.86, 7313381
1651743161, 0, 2232, 2237, 1512, 3, 4.04%, 0, 0, 17, 6465.24, 7347161
1651743167, 0, 1668, 2238, 1507, 0, 4.04%, 0, 0, 17, 6506.40, 7381484
1651743172, 0, 1315, 2239, 1507, 0, 4.04%, 0, 0, 17, 6817.32, 7414456
1651743177, 0, 1571, 2239, 1506, 0, 4.04%, 0, 0, 17, 7059.97, 7449088
1651743182, 0, 1727, 2239, 1504, 0, 4.04%, 0, 0, 17, 6066.97, 7479949
1651743187, 0, 1877, 2241, 1503, 1, 4.05%, 0, 0, 17, 6299.43, 7511945
1651743192, 0, 2240, 2247, 1509, 1, 4.06%, 0, 0, 17, 6856.59, 7545683
1651743197, 0, 857, 2250, 1506, 0, 4.06%, 0, 0, 18, 6776.37, 7579664
1651743202, 0, 1424, 2251, 1507, 0, 4.06%, 0, 0, 18, 6624.80, 7612700
1651743207, 0, 1621, 2251, 1506, 0, 4.06%, 0, 0, 18, 5267.02, 7636254
1651743212, 0, 647, 2253, 1508, 0, 4.06%, 0, 0, 18, 6648.18, 7671429
1651743217, 0, 599, 2254, 1508, 0, 4.06%, 0, 0, 18, 5138.76, 7701067
1651743222, 0, 747, 2254, 1507, 0, 4.06%, 0, 0, 18, 5953.77, 7732119
1651743227, 0, 1008, 2255, 1508, 0, 4.06%, 0, 0, 18, 6261.48, 7762991
1651743232, 0, 2232, 2255, 1507, 0, 4.06%, 0, 0, 18, 6078.01, 7795511
1651743237, 0, 1727, 2256, 1508, 0, 4.06%, 0, 0, 18, 6290.40, 7827556
1651743243, 0, 1090, 2256, 1507, 0, 4.06%, 0, 0, 18, 6853.43, 7863019
1651743248, 0, 1299, 2257, 1507, 0, 4.06%, 0, 0, 18, 6688.79, 7898016
1651743253, 0, 2245, 2257, 1507, 0, 4.06%, 0, 0, 18, 6304.94, 7931032
1651743258, 0, 2092, 2260, 1510, 0, 4.06%, 0, 0, 18, 6497.47, 7965031
1651743263, 0, 1413, 2261, 1510, 0, 4.06%, 0, 0, 18, 6095.62, 7994135
1651743268, 0, 1324, 2262, 1511, 0, 4.06%, 0, 0, 18, 6732.37, 8028593
1651743274, 0, 2018, 2263, 1512, 0, 4.06%, 0, 0, 18, 5962.24, 8058631
1651743279, 0, 1424, 2263, 1511, 0, 4.06%, 0, 0, 18, 5486.59, 8085874
1651743284, 0, 1571, 2264, 1510, 0, 4.06%, 0, 0, 18, 6632.59, 8119871
1651743289, 0, 972, 2266, 1512, 0, 4.06%, 0, 0, 18, 6059.26, 8151930
1651743294, 0, 1572, 2266, 1512, 0, 4.06%, 0, 0, 18, 6888.55, 8188722
1651743299, 1, 1933, 2272, 1518, 0, 4.06%, 0, 0, 18, 3995.15, 8208229
1651743304, 1, 1933, 2277, 1523, 0, 4.06%, 0, 0, 18, 2118.18, 8216073
1651743309, 1, 1933, 2277, 1523, 0, 4.06%, 0, 0, 18, 1688.44, 8224018
1651743314, 1, 2270, 2288, 1528, 3, 4.06%, 0, 0, 18, 5016.81, 8252141
1651743319, 1, 2200, 2299, 1535, 1, 4.06%, 0, 0, 18, 4823.56, 8276137
1651743324, 1, 2074, 2304, 1537, 2, 4.06%, 0, 0, 18, 5439.21, 8302652
1651743330, 1, 1526, 2309, 1541, 2, 4.06%, 0, 0, 18, 7087.82, 8340587
1651743335, 1, 1568, 2319, 1544, 1, 4.06%, 0, 0, 18, 5867.60, 8368308
1651743340, 1, 2253, 2326, 1547, 2, 4.06%, 0, 0, 18, 5739.51, 8395878
1651743345, 1, 2327, 2343, 1561, 4, 4.06%, 0, 0, 18, 5807.69, 8424728
1651743350, 1, 2328, 2348, 1564, 3, 4.06%, 0, 0, 18, 5169.06, 8451526
1651743355, 1, 2298, 2356, 1571, 2, 4.06%, 0, 0, 18, 3419.79, 8466980
1651743360, 1, 1914, 2362, 1574, 2, 4.06%, 0, 0, 18, 3874.23, 8487200
1651743365, 1, 220, 2364, 1574, 1, 4.06%, 0, 0, 18, 4658.86, 8510004
1651743370, 1, 1301, 2373, 1578, 1, 4.06%, 0, 0, 18, 5522.10, 8538933
1651743376, 1, 271, 2382, 1578, 1, 4.06%, 0, 0, 18, 5249.33, 8565576
1651743381, 1, 1862, 2391, 1584, 1, 4.07%, 0, 0, 18, 4997.41, 8591024
1651743386, 1, 1289, 2400, 1586, 1, 4.07%, 0, 0, 18, 4798.25, 8616012
1651743391, 1, 1008, 2402, 1584, 0, 4.07%, 0, 0, 18, 6037.43, 8647775
1651743396, 1, 1101, 2404, 1581, 0, 4.07%, 0, 0, 18, 5702.11, 8676353
1651743401, 1, 1727, 2406, 1580, 0, 4.07%, 0, 0, 18, 5223.71, 8702197
1651743406, 1, 2203, 2412, 1583, 1, 4.07%, 0, 0, 18, 5771.10, 8728728
1651743411, 1, 2122, 2416, 1585, 2, 4.07%, 0, 0, 18, 6490.78, 8763279
1651743416, 1, 2406, 2441, 1604, 1, 4.09%, 0, 0, 18, 945.52, 8781178
1651743421, 1, 2406, 2447, 1610, 1, 4.09%, 0, 0, 18, 1092.84, 8786998
1651743426, 1, 2406, 2449, 1612, 1, 4.09%, 0, 0, 18, 1133.34, 8792736
1651743432, 1, 2406, 2449, 1612, 1, 4.09%, 0, 0, 18, 1137.18, 8798632
1651743437, 1, 1746, 2449, 1610, 6, 4.09%, 0, 0, 18, 6503.55, 8809955
1651743442, 1, 2441, 2458, 1612, 3, 4.09%, 0, 0, 18, 821.43, 8831004
1651743447, 1, 2458, 2461, 1611, 1, 4.09%, 0, 0, 18, 1283.99, 8848285
1651743452, 1, 162, 2466, 1614, 0, 4.09%, 0, 0, 18, 4808.34, 8873382
1651743457, 1, 1406, 2472, 1618, 0, 4.09%, 0, 0, 18, 5170.02, 8901725
1651743462, 1, 599, 2475, 1618, 0, 4.09%, 0, 0, 18, 4648.31, 8923843
1651743467, 1, 748, 2482, 1623, 1, 4.10%, 0, 0, 18, 4907.59, 8949734
1651743472, 1, 1725, 2486, 1623, 0, 4.10%, 0, 0, 18, 3903.57, 8967686
1651743477, 1, 599, 2491, 1626, 0, 4.10%, 0, 0, 18, 5306.97, 8997342
1651743483, 1, 1699, 2496, 1627, 0, 4.10%, 0, 0, 18, 5804.42, 9027361
1651743488, 1, 1621, 2500, 1630, 0, 4.10%, 0, 0, 18, 831.72, 9050945
1651743493, 1, 1776, 2503, 1631, 0, 4.10%, 0, 0, 18, 6007.24, 9081250
1651743498, 1, 1720, 2508, 1631, 0, 4.10%, 0, 0, 18, 5963.96, 9112207
1651743503, 1, 2053, 2511, 1632, 0, 4.10%, 0, 0, 18, 5378.40, 9138484
1651743508, 1, 2040, 2516, 1632, 0, 4.10%, 0, 0, 18, 6065.49, 9170683
1651743513, 1, 1089, 2520, 1632, 0, 4.10%, 0, 0, 18, 5782.67, 9197328
1651743518, 1, 1923, 2524, 1634, 0, 4.10%, 0, 0, 18, 5012.04, 9220558
1651743523, 1, 1942, 2530, 1636, 0, 4.10%, 0, 0, 18, 5100.56, 9247081
1651743528, 1, 1668, 2532, 1633, 0, 4.10%, 0, 0, 18, 5254.55, 9274946
1651743533, 1, 1340, 2535, 1633, 0, 4.10%, 0, 0, 18, 5678.74, 9304452
1651743539, 1, 2032, 2539, 1636, 1, 4.10%, 0, 0, 18, 5003.65, 9329052
1651743544, 1, 191, 2545, 1634, 0, 4.10%, 0, 0, 18, 4609.31, 9351609
1651743549, 1, 1097, 2547, 1633, 0, 4.10%, 0, 0, 18, 5918.41, 9379810
1651743554, 1, 2233, 2550, 1635, 0, 4.10%, 0, 0, 18, 5640.81, 9408839
1651743559, 1, 1753, 2552, 1637, 0, 4.10%, 0, 0, 18, 3751.81, 9424825
1651743564, 1, 599, 2557, 1639, 0, 4.10%, 0, 0, 18, 5424.18, 9452824
1651743569, 1, 2177, 2561, 1641, 0, 4.10%, 0, 0, 18, 6952.38, 9488240
1651743574, 1, 2290, 2565, 1643, 3, 4.10%, 0, 0, 18, 5646.85, 9516885
1651743579, 1, 338, 2572, 1644, 0, 4.10%, 0, 0, 18, 5811.65, 9546539
1651743584, 1, 1698, 2577, 1647, 0, 4.10%, 0, 0, 18, 5351.65, 9574673
1651743589, 1, 2348, 2580, 1650, 0, 4.10%, 0, 0, 18, 1168.69, 9596529
1651743594, 1, 1670, 2582, 1650, 0, 4.10%, 0, 0, 18, 6668.80, 9615801
1651743599, 1, 1209, 2589, 1655, 0, 4.10%, 0, 0, 18, 6090.83, 9644122
1651743604, 1, 900, 2589, 1654, 0, 4.10%, 0, 0, 18, 5478.06, 9669915
1651743609, 1, 530, 2590, 1652, 0, 4.10%, 0, 0, 18, 5886.04, 9698676
1651743614, 1, 2564, 2594, 1651, 0, 4.10%, 0, 0, 18, 4912.09, 9723097
1651743619, 1, 1333, 2594, 1648, 0, 4.10%, 0, 0, 18, 5392.47, 9751440
1651743624, 1, 2496, 2596, 1649, 0, 4.10%, 0, 0, 18, 5442.58, 9780498
1651743629, 1, 2510, 2601, 1648, 0, 4.10%, 0, 0, 18, 5043.20, 9805112
1651743635, 1, 1816, 2606, 1650, 1, 4.10%, 0, 0, 18, 5263.20, 9830652
1651743640, 1, 2611, 2614, 1654, 2, 4.11%, 0, 0, 18, 5357.33, 9859734
1651743645, 1, 2616, 2619, 1657, 1, 4.11%, 0, 0, 18, 1101.85, 9874575
1651743650, 1, 1206, 2619, 1650, 1, 4.11%, 0, 0, 18, 3996.46, 9895664
1651743655, 1, 1987, 2621, 1648, 1, 4.12%, 0, 0, 18, 5544.45, 9924994
1651743660, 1, 2312, 2623, 1644, 0, 4.12%, 0, 0, 18, 4637.02, 9947442
1651743665, 1, 716, 2625, 1644, 0, 4.12%, 0, 0, 18, 5074.70, 9973897
1651743670, 1, 2094, 2629, 1644, 0, 4.12%, 0, 0, 18, 5879.72, 10006104
1651743675, 1, 2310, 2630, 1637, 1, 4.12%, 0, 0, 18, 5817.09, 10037373
1651743680, 1, 2038, 2632, 1636, 0, 4.12%, 0, 0, 18, 6604.67, 10069965
1651743685, 1, 436, 2632, 1633, 0, 4.12%, 0, 0, 18, 6053.01, 10102092
1651743691, 1, 1277, 2632, 1631, 0, 4.12%, 0, 0, 18, 6243.70, 10132541
1651743696, 1, 2263, 2632, 1629, 0, 4.12%, 0, 0, 18, 6136.57, 10165874
1651743701, 1, 1061, 2634, 1631, 0, 4.12%, 0, 0, 18, 5883.72, 10193094
1651743706, 1, 2562, 2637, 1634, 0, 4.12%, 0, 0, 18, 6126.61, 10224599
1651743711, 1, 1565, 2639, 1633, 0, 4.12%, 0, 0, 18, 6283.41, 10252877
1651743716, 1, 1055, 2643, 1636, 0, 4.12%, 0, 0, 18, 5771.80, 10280858
1651743721, 1, 94, 2647, 1636, 0, 4.12%, 0, 0, 18, 5733.84, 10307478
1651743726, 1, 1726, 2649, 1635, 0, 4.12%, 0, 0, 18, 6006.31, 10338602
1651743732, 1, 1097, 2651, 1633, 0, 4.12%, 0, 0, 18, 5510.46, 10365751
1651743737, 1, 682, 2654, 1633, 0, 4.12%, 0, 0, 18, 4632.75, 10388400
1651743742, 1, 568, 2655, 1631, 0, 4.12%, 0, 0, 18, 5981.11, 10419727
1651743747, 1, 2136, 2655, 1620, 0, 4.12%, 0, 0, 18, 6157.83, 10450633
1651743752, 1, 0, 2656, 1616, 0, 4.12%, 0, 0, 18, 5706.08, 10478606
1651743757, 1, 2416, 2658, 1618, 1, 4.12%, 0, 0, 18, 5315.94, 10505118
1651743762, 1, 2500, 2660, 1612, 0, 4.12%, 0, 0, 18, 5962.35, 10536611
1651743767, 1, 1668, 2662, 1612, 0, 4.12%, 0, 0, 18, 5962.72, 10566232
1651743772, 1, 792, 2665, 1610, 0, 4.12%, 0, 0, 18, 5883.87, 10596437
1651743777, 1, 1610, 2666, 1608, 0, 4.12%, 0, 0, 18, 5507.15, 10623526
1651743782, 1, 0, 2668, 1605, 1, 4.12%, 0, 0, 18, 5974.91, 10649419
1651743787, 1, 2669, 2673, 1602, 1, 4.12%, 0, 0, 18, 5618.33, 10677432
1651743792, 1, 1931, 2674, 1601, 0, 4.12%, 0, 0, 18, 5440.46, 10705530
1651743798, 1, 851, 2675, 1601, 0, 4.12%, 0, 0, 18, 4801.78, 10728020
1651743803, 1, 578, 2675, 1600, 0, 4.12%, 0, 0, 18, 4098.62, 10747675
1651743808, 1, 2231, 2675, 1596, 0, 4.12%, 0, 0, 18, 4976.06, 10772833
1651743813, 1, 1717, 2676, 1593, 0, 4.12%, 0, 0, 18, 5040.26, 10798442
1651743818, 1, 1896, 2676, 1592, 0, 4.12%, 0, 0, 18, 5539.50, 10825840
1651743823, 1, 1646, 2676, 1591, 0, 4.12%, 0, 0, 18, 6191.21, 10856048
1651743828, 1, 1454, 2680, 1593, 0, 4.12%, 0, 0, 18, 5276.39, 10881056
1651743833, 1, 1976, 2681, 1589, 0, 4.12%, 0, 0, 18, 5728.59, 10909406
1651743838, 1, 1841, 2682, 1588, 0, 4.12%, 0, 0, 18, 6640.13, 10944566
1651743843, 1, 242, 2690, 1593, 0, 4.12%, 0, 0, 18, 5784.44, 10971862
1651743848, 1, 2605, 2692, 1594, 0, 4.12%, 0, 0, 18, 1013.35, 10993598
1651743854, 1, 812, 2694, 1592, 0, 4.12%, 0, 0, 18, 4838.58, 11022455
1651743859, 1, 1727, 2695, 1590, 0, 4.12%, 0, 0, 18, 4863.53, 11048439
1651743864, 1, 611, 2696, 1590, 0, 4.12%, 0, 0, 18, 5240.34, 11075440
1651743869, 1, 2238, 2699, 1589, 0, 4.12%, 0, 0, 18, 5059.79, 11098038
1651743874, 1, 614, 2703, 1588, 0, 4.12%, 0, 0, 18, 5342.16, 11125159
1651743879, 1, 2533, 2708, 1590, 0, 4.12%, 0, 0, 18, 6370.48, 11153020
1651743884, 1, 745, 2708, 1584, 0, 4.12%, 0, 0, 18, 6112.24, 11183323
1651743889, 1, 318, 2710, 1583, 0, 4.12%, 0, 0, 18, 6314.32, 11214806
1651743894, 1, 1126, 2712, 1583, 0, 4.12%, 0, 0, 18, 6215.85, 11244734
1651743899, 1, 2348, 2713, 1583, 0, 4.12%, 0, 0, 18, 5753.32, 11274461
1651743904, 1, 1727, 2714, 1579, 2, 4.12%, 0, 0, 18, 5226.62, 11299568
1651743910, 1, 634, 2718, 1580, 1, 4.12%, 0, 0, 18, 4357.08, 11321419
1651743915, 1, 1924, 2721, 1575, 1, 4.12%, 0, 0, 18, 5366.14, 11349509
1651743920, 1, 778, 2725, 1578, 0, 4.12%, 0, 0, 18, 5131.13, 11375410
1651743925, 1, 1679, 2727, 1577, 0, 4.12%, 0, 0, 19, 6074.99, 11407139
1651743930, 1, 2564, 2730, 1578, 0, 4.12%, 0, 0, 19, 542.42, 11426834
1651743935, 1, 2564, 2730, 1578, 0, 4.12%, 0, 0, 19, 1085.18, 11431746
1651743940, 1, 599, 2732, 1578, 0, 4.12%, 0, 0, 19, 6403.82, 11462396
1651743945, 1, 2630, 2733, 1575, 0, 4.12%, 0, 0, 19, 5737.91, 11491529
1651743950, 1, 1200, 2733, 1571, 0, 4.12%, 0, 0, 19, 5908.70, 11520026
1651743955, 1, 1603, 2735, 1572, 1, 4.12%, 0, 0, 19, 5587.43, 11548462
1651743960, 1, 2734, 2741, 1577, 1, 4.12%, 0, 0, 19, 3363.03, 11565072
1651743965, 1, 2734, 2741, 1577, 1, 4.12%, 0, 0, 19, 2297.22, 11575261
1651743970, 1, 2183, 2741, 1576, 1, 4.12%, 0, 0, 19, 2418.41, 11586600
1651743976, 1, 2704, 2743, 1575, 0, 4.12%, 0, 0, 19, 5340.49, 11614340
1651743981, 1, 1718, 2743, 1569, 0, 4.12%, 0, 0, 19, 1140.24, 11642744
1651743986, 1, 71, 2743, 1567, 0, 4.12%, 0, 0, 19, 5368.18, 11667783
1651743991, 1, 1652, 2745, 1565, 0, 4.12%, 0, 0, 19, 5966.49, 11699096
1651743996, 1, 1071, 2746, 1565, 0, 4.12%, 0, 0, 19, 5872.27, 11728059
1651744001, 1, 1718, 2746, 1564, 0, 4.12%, 0, 0, 19, 6543.27, 11760684
1651744006, 1, 2669, 2746, 1561, 0, 4.12%, 0, 0, 19, 5952.00, 11790464
1651744011, 1, 2006, 2748, 1559, 0, 4.12%, 0, 0, 19, 6057.20, 11819684
1651744016, 1, 1723, 2748, 1556, 0, 4.12%, 0, 0, 19, 5469.02, 11846057
1651744021, 1, 113, 2749, 1555, 0, 4.12%, 0, 0, 19, 6050.41, 11877284
1651744027, 1, 987, 2749, 1550, 0, 4.12%, 0, 0, 19, 6416.76, 11909585
1651744032, 1, 1753, 2749, 1546, 0, 4.12%, 0, 0, 19, 4600.02, 11935798
1651744037, 1, 2125, 2749, 1545, 0, 4.12%, 0, 0, 19, 4950.63, 11963057
1651744042, 1, 1571, 2749, 1544, 0, 4.12%, 0, 0, 19, 6102.09, 11995757
1651744047, 1, 691, 2750, 1544, 0, 4.12%, 0, 0, 19, 6099.14, 12027865
1651744052, 1, 1333, 2753, 1544, 0, 4.12%, 0, 0, 19, 5736.78, 12057855
1651744057, 1, 518, 2755, 1539, 0, 4.12%, 0, 0, 19, 5281.39, 12084625
1651744062, 1, 1601, 2757, 1540, 0, 4.12%, 0, 0, 19, 6428.85, 12112223
1651744068, 1, 616, 2759, 1542, 0, 4.12%, 0, 0, 19, 6573.78, 12140076
1651744073, 1, 2583, 2759, 1538, 0, 4.12%, 0, 0, 19, 5178.44, 12165836
1651744078, 1, 59, 2761, 1537, 0, 4.12%, 0, 0, 19, 5499.58, 12194874
1651744083, 1, 2093, 2762, 1535, 0, 4.12%, 0, 0, 19, 6211.83, 12226551
1651744088, 1, 752, 2764, 1536, 0, 4.12%, 0, 0, 19, 6545.80, 12257738
1651744093, 1, 2178, 2764, 1533, 0, 4.12%, 0, 0, 19, 3872.10, 12282614
1651744098, 1, 696, 2765, 1530, 0, 4.12%, 0, 0, 19, 5607.05, 12310723
1651744103, 1, 1970, 2765, 1527, 0, 4.12%, 0, 0, 19, 5050.02, 12339327
1651744108, 1, 2231, 2765, 1525, 0, 4.12%, 0, 0, 19, 5947.40, 12369189
1651744114, 1, 2153, 2766, 1524, 0, 4.12%, 0, 0, 19, 5475.10, 12398357
1651744119, 1, 87, 2768, 1523, 0, 4.12%, 0, 0, 19, 5399.59, 12425160
1651744124, 1, 2153, 2768, 1518, 0, 4.12%, 0, 0, 19, 5800.96, 12453973
1651744129, 1, 1678, 2768, 1516, 0, 4.12%, 0, 0, 19, 5192.81, 12480735
1651744134, 1, 1128, 2768, 1514, 0, 4.12%, 0, 0, 19, 5479.62, 12510969
1651744139, 1, 2769, 2771, 1513, 1, 4.15%, 0, 0, 19, 6344.93, 12545011
1651744144, 1, 2773, 2801, 1542, 15, 4.34%, 0, 0, 19, 3754.00, 12582815
1651744150, 1, 2785, 2823, 1558, 26, 4.36%, 0, 0, 19, 6521.93, 12620523
1651744155, 1, 2811, 2838, 1569, 25, 4.36%, 0, 0, 19, 7271.06, 12658760
1651744160, 1, 2820, 2855, 1579, 18, 4.37%, 0, 0, 19, 7495.86, 12697262
1651744165, 1, 2848, 2869, 1585, 14, 4.37%, 0, 0, 19, 6024.90, 12727905
1651744170, 1, 2869, 2876, 1581, 8, 4.37%, 0, 0, 19, 7317.36, 12766413
1651744175, 1, 2875, 2884, 1583, 6, 4.38%, 0, 0, 19, 7547.36, 12803251
1651744180, 1, 2103, 2888, 1583, 6, 4.39%, 0, 0, 19, 5894.49, 12829935
1651744185, 1, 2208, 2892, 1583, 5, 4.40%, 0, 0, 19, 6403.95, 12861870
1651744191, 1, 2774, 2893, 1574, 0, 4.40%, 0, 0, 19, 6701.78, 12897540
1651744196, 1, 2859, 2893, 1572, 0, 4.40%, 0, 0, 19, 5855.74, 12927927
1651744201, 1, 2865, 2894, 1571, 0, 4.40%, 0, 0, 19, 6064.15, 12958580
1651744206, 1, 607, 2894, 1569, 0, 4.40%, 0, 0, 19, 6328.90, 12990931
1651744211, 1, 2610, 2895, 1568, 0, 4.40%, 0, 0, 19, 6213.22, 13023997
1651744216, 1, 1405, 2896, 1564, 0, 4.40%, 0, 0, 19, 4592.57, 13046342
1651744221, 1, 91, 2896, 1560, 0, 4.40%, 0, 0, 19, 5502.53, 13076087
1651744226, 1, 2812, 2896, 1559, 0, 4.40%, 0, 0, 19, 6132.67, 13106326
1651744231, 1, 2858, 2900, 1563, 0, 4.40%, 0, 0, 19, 6911.55, 13141150
1651744237, 1, 970, 2902, 1565, 1, 4.40%, 0, 0, 19, 5916.05, 13173455
1651744242, 1, 624, 2902, 1563, 0, 4.40%, 0, 0, 19, 4760.23, 13195887
1651744247, 1, 2887, 2902, 1562, 0, 4.40%, 0, 0, 19, 5520.44, 13223722
1651744252, 1, 1253, 2902, 1561, 0, 4.40%, 0, 0, 19, 6634.83, 13257480
1651744257, 1, 333, 2904, 1559, 0, 4.40%, 0, 0, 19, 5566.33, 13284671
1651744262, 1, 2762, 2908, 1563, 0, 4.40%, 0, 0, 19, 6635.82, 13320725
1651744267, 1, 2101, 2908, 1558, 0, 4.40%, 0, 0, 19, 6012.37, 13351530
1651744272, 1, 172, 2910, 1556, 0, 4.40%, 0, 0, 19, 6242.79, 13384205
1651744277, 1, 857, 2911, 1556, 0, 4.40%, 0, 0, 19, 6472.67, 13409965
1651744282, 1, 2038, 2914, 1556, 1, 4.40%, 0, 0, 19, 6327.42, 13442654
1651744287, 1, 1116, 2915, 1552, 1, 4.40%, 0, 0, 19, 1371.36, 13472214
1651744293, 1, 1361, 2916, 1549, 1, 4.40%, 0, 0, 19, 3524.23, 13492404
1651744298, 1, 910, 2916, 1547, 0, 4.40%, 0, 0, 19, 4175.97, 13515341
1651744303, 1, 1371, 2917, 1548, 0, 4.40%, 0, 0, 19, 5011.45, 13542646
1651744308, 1, 578, 2918, 1547, 0, 4.40%, 0, 0, 19, 5073.26, 13566631
1651744313, 1, 2810, 2918, 1546, 0, 4.40%, 0, 0, 19, 6252.33, 13598528
1651744318, 1, 2726, 2919, 1542, 0, 4.40%, 0, 0, 20, 6097.90, 13631035
1651744323, 1, 2897, 2919, 1539, 0, 4.40%, 0, 0, 20, 5757.78, 13656983
1651744328, 1, 2816, 2920, 1538, 0, 4.40%, 0, 0, 20, 6753.03, 13691441
1651744333, 1, 69, 2920, 1538, 0, 4.40%, 0, 0, 20, 5339.32, 13719415
1651744339, 1, 0, 2920, 1538, 0, 4.40%, 0, 0, 20, 4669.34, 13743025
1651744344, 1, 1253, 2921, 1537, 0, 4.40%, 0, 0, 20, 5939.82, 13768299
1651744349, 1, 2921, 2922, 1536, 1, 4.41%, 0, 0, 20, 6356.96, 13798151
1651744354, 1, 2858, 2922, 1534, 0, 4.41%, 0, 0, 20, 6845.98, 13833243
1651744359, 1, 2119, 2924, 1534, 0, 4.41%, 0, 0, 20, 6433.78, 13865189
1651744364, 1, 1095, 2926, 1533, 0, 4.41%, 0, 0, 20, 5937.79, 13894302
1651744369, 1, 2812, 2926, 1530, 0, 4.41%, 0, 0, 20, 5995.45, 13923078
1651744374, 1, 1200, 2929, 1532, 0, 4.41%, 0, 0, 20, 430.34, 13947869
1651744379, 1, 2891, 2929, 1531, 0, 4.41%, 0, 0, 20, 6491.11, 13978100
1651744384, 1, 2564, 2930, 1530, 0, 4.41%, 0, 0, 20, 6370.57, 14009792
1651744389, 1, 1758, 2930, 1528, 0, 4.41%, 0, 0, 20, 5671.00, 14038258
1651744394, 1, 2881, 2934, 1531, 0, 4.41%, 0, 0, 20, 5964.38, 14067451
1651744399, 1, 2895, 2936, 1532, 0, 4.41%, 0, 0, 20, 4870.42, 14090373
1651744404, 1, 1286, 2936, 1528, 0, 4.41%, 0, 0, 20, 5837.06, 14120407
1651744409, 1, 2556, 2936, 1527, 0, 4.41%, 0, 0, 20, 516.91, 14142912
1651744415, 1, 2387, 2936, 1525, 0, 4.41%, 0, 0, 20, 5771.82, 14173067
1651744420, 1, 1756, 2937, 1525, 0, 4.41%, 0, 0, 20, 5490.08, 14197129
1651744425, 1, 2778, 2938, 1520, 0, 4.41%, 0, 0, 20, 5460.03, 14224363
1651744430, 1, 817, 2940, 1521, 0, 4.41%, 0, 0, 20, 5179.56, 14250579
1651744435, 1, 1571, 2940, 1520, 0, 4.41%, 0, 0, 20, 6886.45, 14287702
1651744440, 1, 647, 2940, 1517, 0, 4.41%, 0, 0, 20, 6313.37, 14320367
1651744445, 1, 598, 2940, 1514, 0, 4.41%, 0, 0, 20, 6073.93, 14352134
1651744451, 1, 335, 2940, 1514, 0, 4.41%, 0, 0, 20, 6236.45, 14384176
1651744456, 1, 1828, 2940, 1512, 0, 4.41%, 0, 0, 20, 5844.59, 14411774
1651744461, 1, 2941, 2948, 1519, 2, 4.46%, 0, 0, 20, 7401.70, 14451573
1651744466, 1, 2943, 2955, 1521, 4, 4.46%, 0, 0, 20, 7357.05, 14488000
1651744471, 1, 1453, 2958, 1518, 1, 4.46%, 0, 0, 20, 5360.67, 14514217
1651744476, 1, 1780, 2958, 1512, 0, 4.46%, 0, 0, 20, 5781.59, 14543343
1651744481, 1, 1539, 2959, 1512, 0, 4.46%, 0, 0, 20, 5900.50, 14568404
1651744486, 1, 1610, 2959, 1509, 0, 4.46%, 0, 0, 20, 5872.96, 14594391
1651744491, 1, 748, 2960, 1509, 0, 4.46%, 0, 0, 20, 6806.61, 14628254
1651744496, 1, 1091, 2960, 1506, 0, 4.46%, 0, 0, 20, 6037.88, 14657252
1651744502, 1, 1333, 2961, 1504, 0, 4.46%, 0, 0, 20, 6032.51, 14687435
1651744507, 1, 1346, 2965, 1505, 0, 4.46%, 0, 0, 20, 6528.74, 14709296
1651744512, 1, 1571, 2965, 1502, 0, 4.46%, 0, 0, 20, 6933.94, 14744790
1651744517, 1, 1509, 2965, 1501, 0, 4.46%, 0, 0, 20, 5708.50, 14774762
1651744522, 1, 2785, 2965, 1500, 0, 4.46%, 0, 0, 20, 6642.60, 14810023
1651744527, 1, 503, 2965, 1499, 0, 4.46%, 0, 0, 20, 6554.34, 14844940
1651744532, 1, 2822, 2965, 1495, 0, 4.46%, 0, 0, 20, 6091.50, 14872945
1651744537, 1, 2897, 2966, 1495, 0, 4.46%, 0, 0, 20, 3514.01, 14897602
1651744542, 1, 2298, 2969, 1497, 0, 4.46%, 0, 0, 20, 5600.64, 14930654
1651744548, 1, 2157, 2969, 1496, 0, 4.46%, 0, 0, 20, 5955.30, 14959906
1651744553, 1, 351, 2970, 1494, 0, 4.46%, 0, 0, 20, 5328.52, 14985544
1651744558, 1, 2395, 2971, 1494, 0, 4.46%, 0, 0, 20, 5095.39, 15012428
1651744563, 1, 747, 2971, 1493, 0, 4.46%, 0, 0, 20, 6537.65, 15045615
1651744568, 1, 2814, 2971, 1490, 0, 4.46%, 0, 0, 20, 6160.95, 15077553
1651744573, 1, 1115, 2972, 1488, 0, 4.46%, 0, 0, 20, 4124.38, 15100152
1651744578, 1, 1753, 2972, 1485, 0, 4.46%, 0, 0, 20, 4897.40, 15127145
1651744583, 1, 581, 2976, 1487, 0, 4.46%, 0, 0, 20, 5590.61, 15157290
1651744589, 1, 1419, 2977, 1485, 0, 4.46%, 0, 0, 20, 4757.15, 15181755
1651744594, 1, 1668, 2978, 1486, 0, 4.46%, 0, 0, 20, 6681.25, 15212317
1651744599, 1, 2794, 2979, 1487, 0, 4.46%, 0, 0, 20, 6457.37, 15243283
1651744604, 1, 1668, 2980, 1487, 0, 4.46%, 0, 0, 20, 5633.09, 15271140
1651744609, 1, 285, 2981, 1486, 0, 4.46%, 0, 0, 20, 6148.94, 15301241
1651744614, 1, 1678, 2981, 1486, 0, 4.46%, 0, 0, 20, 7128.85, 15332224
1651744619, 1, 2237, 2983, 1487, 0, 4.46%, 0, 0, 20, 6765.32, 15365064
1651744624, 1, 1200, 2984, 1486, 0, 4.46%, 0, 0, 20, 6068.58, 15392979
1651744629, 1, 1286, 2984, 1485, 0, 4.46%, 0, 0, 20, 5923.70, 15423234
1651744634, 1, 2377, 2984, 1485, 0, 4.46%, 0, 0, 20, 5920.39, 15453860
1651744639, 1, 226, 2987, 1485, 0, 4.46%, 0, 0, 20, 7890.36, 15478977
1651744645, 1, 1650, 2987, 1484, 0, 4.46%, 0, 0, 20, 6334.82, 15508259
1651744650, 1, 2122, 2988, 1480, 0, 4.46%, 0, 0, 20, 5885.01, 15536659
1651744655, 1, 1748, 2988, 1477, 0, 4.46%, 0, 0, 20, 5867.19, 15565525
1651744660, 1, 1206, 2989, 1476, 0, 4.46%, 0, 0, 20, 5020.42, 15589591
1651744665, 1, 2348, 2991, 1477, 0, 4.46%, 0, 0, 20, 4827.71, 15615210
1651744670, 1, 221, 2992, 1476, 0, 4.46%, 0, 0, 20, 5276.47, 15642457
1651744675, 1, 236, 2993, 1474, 0, 4.46%, 0, 0, 20, 6109.78, 15674144
1651744680, 1, 1722, 2994, 1474, 0, 4.46%, 0, 0, 20, 6889.29, 15701073
1651744685, 1, 1691, 2995, 1474, 0, 4.46%, 0, 0, 20, 5889.10, 15727188
1651744690, 1, 1976, 2997, 1474, 0, 4.46%, 0, 0, 20, 5501.46, 15753733
1651744696, 1, 2669, 2997, 1474, 0, 4.46%, 0, 0, 20, 5697.55, 15782290
1651744701, 1, 2787, 2997, 1473, 0, 4.46%, 0, 0, 20, 6315.26, 15813476
1651744706, 1, 1168, 2998, 1472, 0, 4.46%, 0, 0, 20, 5522.43, 15841753
1651744711, 1, 230, 3002, 1476, 0, 4.46%, 0, 0, 20, 2425.09, 15864743
1651744716, 1, 1844, 3002, 1472, 0, 4.46%, 0, 0, 20, 4491.62, 15889263
1651744721, 1, 3002, 3004, 1471, 1, 4.48%, 0, 0, 20, 5967.83, 15920773
1651744726, 1, 1328, 3005, 1470, 1, 4.48%, 0, 0, 20, 1467.23, 15949314
1651744731, 1, 3005, 3009, 1471, 1, 4.48%, 0, 0, 20, 5060.18, 15978597
1651744736, 1, 2886, 3009, 1469, 0, 4.48%, 0, 0, 20, 6624.50, 16014915
1651744741, 1, 2878, 3009, 1469, 0, 4.48%, 0, 0, 20, 6972.87, 16048938
1651744746, 1, 2949, 3009, 1468, 0, 4.48%, 0, 0, 20, 5701.18, 16079128
1651744751, 1, 2232, 3012, 1470, 0, 4.48%, 0, 0, 20, 5871.52, 16109970
1651744756, 1, 1987, 3012, 1468, 0, 4.48%, 0, 0, 20, 5545.27, 16137235
1651744761, 1, 2803, 3013, 1468, 0, 4.48%, 0, 0, 20, 5672.95, 16164182
1651744766, 1, 2151, 3015, 1469, 0, 4.48%, 0, 0, 20, 4877.20, 16190103
1651744772, 1, 699, 3017, 1469, 0, 4.48%, 0, 0, 20, 5249.56, 16216910
1651744777, 1, 2762, 3017, 1467, 0, 4.48%, 0, 0, 20, 6488.12, 16249720
1651744782, 1, 2891, 3019, 1468, 1, 4.48%, 0, 0, 20, 5375.58, 16278825
1651744787, 1, 791, 3019, 1465, 0, 4.48%, 0, 0, 20, 5933.53, 16307639
1651744792, 1, 2688, 3021, 1467, 0, 4.48%, 0, 0, 20, 6307.80, 16340753
1651744797, 1, 1800, 3021, 1463, 1, 4.48%, 0, 0, 20, 4615.32, 16362295
1651744802, 1, 2858, 3021, 1459, 0, 4.48%, 0, 0, 20, 6124.29, 16395303
1651744807, 1, 2252, 3023, 1460, 0, 4.49%, 0, 0, 20, 6126.66, 16418532
1651744813, 1, 1882, 3023, 1460, 1, 4.49%, 0, 0, 20, 5550.10, 16448006
1651744818, 1, 2872, 3025, 1460, 0, 4.49%, 0, 0, 20, 5320.89, 16476913
1651744823, 1, 2994, 3027, 1460, 0, 4.49%, 0, 0, 20, 6511.85, 16513790
1651744828, 1, 1961, 3027, 1457, 0, 4.49%, 0, 0, 20, 6113.72, 16542499
1651744833, 1, 2940, 3029, 1457, 0, 4.49%, 0, 0, 20, 5979.70, 16572363
1651744838, 1, 1977, 3029, 1456, 0, 4.49%, 0, 0, 20, 5598.48, 16602117
1651744843, 1, 647, 3029, 1455, 0, 4.49%, 0, 0, 20, 5583.31, 16627651
1651744848, 1, 1727, 3030, 1455, 0, 4.49%, 0, 0, 20, 6708.81, 16664168
1651744853, 1, 1277, 3030, 1453, 0, 4.49%, 0, 0, 20, 6584.72, 16695410
1651744859, 1, 2172, 3030, 1452, 0, 4.49%, 0, 0, 20, 5341.12, 16725387
1651744864, 1, 1824, 3031, 1452, 0, 4.49%, 0, 0, 20, 5772.31, 16754175
1651744869, 1, 2493, 3033, 1453, 0, 4.49%, 0, 0, 20, 5606.57, 16781352
1651744874, 1, 2656, 3033, 1451, 0, 4.49%, 0, 0, 20, 5390.82, 16807444
1651744879, 1, 1831, 3033, 1448, 0, 4.49%, 0, 0, 20, 6148.24, 16839256
1651744884, 1, 2878, 3037, 1450, 1, 4.49%, 0, 0, 20, 7000.49, 16865927
1651744889, 1, 2823, 3039, 1451, 1, 4.50%, 0, 0, 20, 5653.49, 16894474
1651744894, 1, 1343, 3039, 1444, 0, 4.50%, 0, 0, 20, 5893.92, 16925030
1651744899, 1, 2792, 3040, 1442, 0, 4.50%, 0, 0, 20, 6023.09, 16951723
1651744904, 1, 2113, 3040, 1440, 0, 4.50%, 0, 0, 20, 6418.39, 16982653
1651744909, 1, 2811, 3041, 1440, 0, 4.50%, 0, 0, 20, 6165.00, 17008779
1651744914, 1, 1022, 3041, 1439, 0, 4.50%, 0, 0, 20, 6168.15, 17040208
1651744920, 1, 3021, 3042, 1439, 0, 4.50%, 0, 0, 20, 6129.90, 17069874
1651744925, 1, 2884, 3042, 1439, 0, 4.50%, 0, 0, 20, 2420.43, 17097868
1651744930, 1, 1455, 3042, 1437, 0, 4.50%, 0, 0, 20, 5225.29, 17126790
1651744935, 1, 1253, 3042, 1434, 0, 4.50%, 0, 0, 20, 4715.32, 17150697
1651744940, 1, 1349, 3042, 1430, 0, 4.50%, 0, 0, 20, 5502.17, 17179216
1651744945, 1, 3028, 3043, 1430, 0, 4.50%, 0, 0, 20, 5566.41, 17206983
1651744950, 1, 387, 3043, 1429, 0, 4.50%, 0, 0, 20, 5495.53, 17236523
1651744955, 1, 778, 3046, 1431, 0, 4.50%, 0, 0, 20, 5253.49, 17262134
1651744960, 1, 2775, 3046, 1429, 0, 4.50%, 0, 0, 20, 5562.56, 17288464
1651744966, 1, 2079, 3046, 1428, 0, 4.50%, 0, 0, 20, 5779.35, 17319593
1651744971, 1, 2501, 3049, 1431, 0, 4.50%, 0, 0, 20, 6159.39, 17349507
1651744976, 1, 2200, 3049, 1429, 0, 4.50%, 0, 0, 20, 5511.22, 17378213
1651744981, 1, 1413, 3049, 1429, 0, 4.50%, 0, 0, 20, 5019.18, 17402833
1651744986, 1, 561, 3049, 1427, 0, 4.50%, 0, 0, 20, 6388.79, 17431568
1651744991, 1, 1427, 3051, 1426, 0, 4.50%, 0, 0, 20, 6220.88, 17462886
1651744996, 1, 472, 3051, 1425, 0, 4.50%, 0, 0, 20, 6134.05, 17493693
1651745001, 1, 2919, 3055, 1428, 0, 4.50%, 0, 0, 20, 5759.17, 17520400
1651745006, 1, 2448, 3055, 1427, 0, 4.50%, 0, 0, 20, 5242.15, 17548028
1651745011, 2, 60, 3063, 1434, 0, 4.50%, 0, 0, 20, 5267.54, 17577168
1651745016, 2, 3058, 3073, 1443, 0, 4.50%, 0, 0, 20, 738.95, 17590788
1651745021, 2, 1755, 3080, 1447, 1, 4.50%, 0, 0, 20, 6011.51, 17616987
1651745027, 2, 2874, 3083, 1447, 1, 4.50%, 0, 0, 20, 5643.52, 17644633
1651745032, 2, 3084, 3090, 1454, 4, 4.51%, 0, 0, 20, 6803.58, 17681272
1651745037, 2, 534, 3094, 1455, 2, 4.51%, 0, 0, 20, 6467.87, 17714190
1651745042, 2, 1077, 3109, 1467, 5, 4.52%, 0, 0, 20, 5003.22, 17732060
1651745047, 2, 1900, 3121, 1478, 5, 4.52%, 0, 0, 20, 5354.13, 17758940
1651745052, 2, 3100, 3126, 1480, 4, 4.53%, 0, 0, 20, 4639.30, 17782816
1651745057, 2, 258, 3134, 1484, 3, 4.53%, 0, 0, 20, 3026.86, 17795513
1651745062, 2, 258, 3140, 1490, 3, 4.53%, 0, 0, 20, 431.52, 17798363
1651745067, 2, 798, 3142, 1492, 3, 4.53%, 0, 0, 20, 4236.39, 17806570
1651745072, 2, 1350, 3146, 1496, 3, 4.53%, 0, 0, 20, 208.43, 17811870
1651745077, 2, 1350, 3147, 1497, 3, 4.53%, 0, 0, 20, 251.82, 17813194
1651745083, 2, 9, 3148, 1498, 3, 4.53%, 0, 0, 20, 4194.95, 17825223
1651745088, 2, 3117, 3152, 1500, 3, 4.53%, 0, 0, 20, 532.96, 17843801
1651745093, 2, 583, 3154, 1501, 2, 4.53%, 0, 0, 20, 5170.00, 17863081
1651745098, 2, 2033, 3159, 1503, 2, 4.54%, 0, 0, 20, 3566.64, 17878904
1651745103, 2, 2033, 3160, 1504, 2, 4.54%, 0, 0, 20, 4924.27, 17895119
1651745108, 2, 3157, 3161, 1500, 2, 4.54%, 0, 0, 20, 5175.60, 17911790
1651745113, 2, 1231, 3165, 1502, 1, 4.54%, 0, 0, 20, 1024.73, 17936127
1651745118, 2, 1248, 3168, 1503, 0, 4.54%, 0, 0, 20, 5810.28, 17966499
1651745123, 2, 1987, 3169, 1503, 0, 4.54%, 0, 0, 20, 5754.37, 17997561
1651745128, 2, 1884, 3169, 1501, 0, 4.54%, 0, 0, 20, 6152.86, 18029098
1651745133, 2, 1276, 3173, 1502, 0, 4.54%, 0, 0, 20, 6442.96, 18058980
1651745139, 2, 1341, 3179, 1508, 0, 4.54%, 0, 0, 20, 4974.18, 18081955
1651745144, 2, 2872, 3185, 1511, 0, 4.54%, 0, 0, 20, 4987.92, 18101114
1651745149, 2, 1983, 3185, 1511, 0, 4.54%, 0, 0, 20, 5817.64, 18133921
1651745154, 2, 2312, 3189, 1513, 1, 4.54%, 0, 0, 20, 5364.04, 18161453
1651745159, 2, 1642, 3191, 1514, 1, 4.54%, 0, 0, 20, 343.21, 18180020
1651745164, 2, 3188, 3195, 1516, 1, 4.54%, 0, 0, 20, 3543.05, 18197732
1651745170, 2, 3194, 3198, 1516, 3, 4.55%, 0, 0, 20, 2469.60, 18210965
1651745175, 2, 3195, 3199, 1514, 3, 4.55%, 0, 0, 20, 3173.78, 18227966
1651745180, 2, 3198, 3202, 1515, 2, 4.55%, 0, 0, 20, 3860.19, 18250269
1651745185, 2, 2113, 3204, 1513, 0, 4.55%, 0, 0, 20, 5402.95, 18277513
1651745190, 2, 1573, 3209, 1517, 0, 4.55%, 0, 0, 20, 6567.83, 18296972
1651745195, 2, 1128, 3212, 1517, 0, 4.55%, 0, 0, 20, 7168.99, 18319189
1651745200, 2, 1005, 3212, 1515, 0, 4.55%, 0, 0, 20, 5801.72, 18346499
1651745205, 2, 2047, 3213, 1514, 0, 4.55%, 0, 0, 20, 4731.57, 18370165
1651745211, 2, 2772, 3213, 1513, 0, 4.55%, 0, 0, 20, 5787.63, 18400496
1651745216, 2, 2244, 3217, 1517, 0, 4.55%, 0, 0, 20, 6483.26, 18433024
1651745221, 2, 1725, 3228, 1527, 0, 4.55%, 0, 0, 20, 6317.62, 18454088
1651745226, 2, 2801, 3231, 1530, 1, 4.56%, 0, 0, 20, 132.29, 18461166
1651745231, 2, 2801, 3232, 1531, 1, 4.56%, 0, 0, 20, 108.57, 18461680
1651745236, 2, 2801, 3233, 1532, 1, 4.56%, 0, 0, 20, 109.27, 18462234
1651745241, 2, 2801, 3233, 1532, 1, 4.56%, 0, 0, 20, 107.80, 18462788
1651745246, 2, 2801, 3233, 1532, 1, 4.56%, 0, 0, 20, 108.46, 18463334
1651745251, 2, 2801, 3233, 1532, 1, 4.56%, 0, 0, 20, 109.15, 18463871
1651745256, 2, 558, 3236, 1535, 2, 4.56%, 0, 0, 20, 5212.74, 18471076
1651745261, 2, 3226, 3241, 1540, 2, 4.56%, 0, 0, 20, 2733.87, 18482455
1651745266, 2, 3226, 3244, 1543, 2, 4.56%, 0, 0, 20, 1954.72, 18491342
1651745271, 2, 3226, 3246, 1545, 2, 4.56%, 0, 0, 20, 1838.56, 18500346
1651745276, 2, 3244, 3250, 1547, 2, 4.56%, 0, 0, 20, 2453.72, 18512971
1651745281, 2, 165, 3256, 1552, 1, 4.56%, 0, 0, 20, 4167.53, 18531666
1651745286, 2, 1861, 3256, 1550, 1, 4.56%, 0, 0, 20, 5013.25, 18558749
1651745291, 2, 2969, 3259, 1552, 1, 4.56%, 0, 0, 20, 1845.58, 18573052
1651745297, 2, 1178, 3260, 1546, 1, 4.56%, 0, 0, 20, 4590.38, 18600204
1651745302, 2, 3230, 3261, 1547, 1, 4.56%, 0, 0, 20, 179.75, 18601912
1651745307, 2, 3230, 3261, 1547, 1, 4.56%, 0, 0, 20, 102.93, 18602319
1651745312, 2, 3230, 3261, 1547, 1, 4.56%, 0, 0, 20, 90.10, 18602742
1651745317, 2, 2744, 3263, 1548, 0, 4.56%, 0, 0, 20, 2852.75, 18620898
1651745322, 2, 850, 3264, 1548, 0, 4.56%, 0, 0, 20, 6084.45, 18645960
1651745327, 2, 1629, 3264, 1548, 0, 4.56%, 0, 0, 20, 5051.66, 18670396
1651745332, 2, 2940, 3264, 1545, 0, 4.56%, 0, 0, 20, 6319.37, 18703708
1651745337, 2, 759, 3265, 1546, 0, 4.56%, 0, 0, 20, 5862.22, 18732144
1651745343, 2, 117, 3266, 1543, 0, 4.56%, 0, 0, 20, 6031.47, 18763658
1651745348, 2, 3198, 3268, 1541, 0, 4.56%, 0, 0, 20, 4966.62, 18784481
1651745353, 2, 1443, 3272, 1544, 0, 4.56%, 0, 0, 20, 437.43, 18803686
1651745358, 2, 1571, 3274, 1546, 0, 4.56%, 0, 0, 20, 6190.41, 18832537
1651745363, 2, 1360, 3274, 1546, 0, 4.56%, 0, 0, 20, 6800.26, 18868686
1651745368, 2, 1571, 3275, 1546, 0, 4.56%, 0, 0, 20, 6184.51, 18895918
1651745373, 2, 130, 3275, 1546, 0, 4.56%, 0, 0, 20, 1058.06, 18925028
1651745378, 2, 1727, 3281, 1551, 0, 4.56%, 0, 0, 20, 4897.53, 18948262
1651745384, 2, 1727, 3282, 1552, 0, 4.56%, 0, 0, 20, 4022.78, 18962426
1651745389, 2, 1719, 3282, 1552, 0, 4.56%, 0, 0, 20, 379.56, 18982827
1651745394, 2, 2969, 3284, 1554, 1, 4.56%, 0, 0, 20, 4796.67, 19004454
1651745399, 2, 3283, 3287, 1555, 1, 4.56%, 0, 0, 20, 3999.92, 19025945
1651745404, 2, 2053, 3289, 1556, 1, 4.56%, 0, 0, 20, 4740.93, 19048367
1651745409, 2, 560, 3289, 1554, 0, 4.56%, 0, 0, 20, 4000.78, 19068277
1651745414, 2, 1247, 3292, 1557, 0, 4.56%, 0, 0, 20, 4333.23, 19090934
1651745419, 2, 2125, 3294, 1557, 0, 4.56%, 0, 0, 20, 4962.46, 19111900
1651745425, 2, 3085, 3295, 1558, 0, 4.56%, 0, 0, 20, 5883.70, 19138869
1651745430, 2, 1427, 3295, 1556, 0, 4.56%, 0, 0, 20, 5417.36, 19166020
1651745435, 2, 1066, 3297, 1557, 0, 4.56%, 0, 0, 20, 3803.27, 19190889
1651745440, 2, 814, 3297, 1553, 0, 4.56%, 1, 0, 20, 5171.96, 19208734
1651745445, 2, 3024, 3297, 1550, 0, 4.56%, 1, 0, 20, 4706.18, 19234427
1651745450, 2, 1573, 3297, 1550, 0, 4.56%, 1, 0, 20, 475.20, 19259187
1651745455, 2, 58, 3298, 1551, 0, 4.56%, 1, 0, 20, 5715.99, 19282884
1651745460, 2, 2138, 3303, 1555, 0, 4.56%, 1, 0, 20, 535.06, 19299626
1651745462, 2, 2138, 3305, 1557, 0, 0.00%, 1, 0, 20, 0.00, 19300810
