# unix_time, cycles_done, cur_path, paths_total, pending_total, pending_favs, map_size, unique_crashes, unique_hangs, max_depth, execs_per_sec
1651542253, 0, 7, 12, 10, 4, 1.19%, 0, 0, 4, 701.68, 3570
1651542258, 0, 7, 17, 15, 4, 1.24%, 0, 0, 4, 702.33, 7166
1651542263, 0, 7, 18, 16, 4, 1.26%, 0, 0, 4, 702.23, 10772
1651542268, 0, 7, 19, 17, 4, 1.26%, 0, 0, 4, 701.74, 14308
1651542273, 0, 7, 20, 18, 4, 1.26%, 0, 0, 4, 701.68, 17970
1651542278, 0, 7, 20, 18, 4, 1.26%, 0, 0, 4, 701.81, 21540
1651542283, 0, 7, 20, 18, 4, 1.26%, 0, 0, 4, 701.99, 25110
1651542288, 0, 7, 20, 18, 4, 1.26%, 0, 0, 4, 701.64, 28638
1651542293, 0, 7, 20, 18, 4, 1.26%, 0, 0, 4, 702.08, 32208
1651542298, 0, 7, 20, 18, 4, 1.26%, 0, 0, 4, 702.41, 35814
1651542304, 0, 16, 23, 18, 8, 1.36%, 0, 0, 5, 702.35, 39461
1651542309, 0, 15, 24, 18, 8, 1.36%, 0, 0, 5, 702.02, 42974
1651542314, 0, 22, 26, 19, 8, 1.36%, 0, 0, 6, 701.80, 46486
1651542319, 0, 20, 31, 23, 7, 1.39%, 1, 0, 6, 694.21, 50082
1651542324, 0, 20, 31, 23, 7, 1.39%, 1, 0, 6, 690.97, 53657
1651542329, 0, 20, 32, 24, 7, 1.39%, 1, 0, 6, 692.31, 57240
1651542334, 0, 20, 32, 24, 7, 1.39%, 1, 0, 6, 691.99, 60815
1651542340, 0, 20, 32, 24, 7, 1.39%, 1, 0, 6, 689.80, 64390
1651542345, 0, 20, 32, 24, 7, 1.39%, 1, 0, 6, 690.23, 67965
1651542350, 0, 20, 32, 24, 7, 1.39%, 1, 0, 6, 688.61, 71540
1651542355, 0, 20, 32, 24, 7, 1.39%, 1, 0, 6, 691.88, 75115
1651542360, 0, 20, 33, 25, 7, 1.40%, 1, 0, 6, 693.14, 78698
1651542365, 0, 12, 35, 26, 11, 1.41%, 1, 0, 6, 694.51, 82271
1651542371, 0, 33, 36, 26, 13, 1.44%, 1, 0, 6, 699.68, 85858
1651542376, 0, 24, 40, 28, 14, 1.57%, 1, 0, 7, 700.85, 89451
1651542381, 0, 39, 45, 31, 14, 1.58%, 1, 0, 7, 701.57, 93107
1651542386, 0, 30, 45, 29, 12, 1.58%, 1, 0, 7, 701.21, 96754
1651542391, 0, 40, 46, 28, 10, 1.58%, 1, 0, 7, 701.35, 100363
1651542396, 0, 44, 48, 27, 10, 1.62%, 1, 0, 8, 700.70, 103975
1651542401, 0, 47, 49, 26, 9, 1.62%, 1, 0, 8, 701.39, 107540
1651542406, 0, 29, 49, 23, 6, 1.62%, 1, 0, 8, 695.98, 111037
1651542412, 0, 34, 51, 23, 4, 1.62%, 1, 0, 8, 699.51, 114619
1651542417, 0, 46, 54, 23, 1, 1.62%, 1, 0, 8, 701.94, 118264
1651542422, 0, 30, 54, 22, 0, 1.62%, 1, 0, 8, 701.35, 121833
1651542427, 0, 14, 54, 22, 0, 1.62%, 1, 0, 8, 701.63, 125369
1651542432, 0, 26, 54, 22, 0, 1.62%, 1, 0, 8, 701.38, 128926
1651542437, 0, 33, 54, 22, 0, 1.62%, 1, 0, 8, 702.09, 132462
1651542442, 0, 48, 54, 22, 0, 1.62%, 1, 0, 8, 701.54, 135970
1651542447, 0, 26, 54, 22, 0, 1.62%, 1, 0, 8, 701.91, 139509
1651542452, 0, 35, 54, 22, 0, 1.62%, 1, 0, 8, 702.02, 143031
1651542457, 0, 18, 54, 22, 0, 1.62%, 1, 0, 8, 698.88, 146508
1651542462, 0, 14, 54, 21, 0, 1.62%, 1, 0, 8, 701.79, 150031
1651542467, 0, 0, 54, 21, 0, 1.62%, 1, 0, 8, 702.50, 153587
1651542472, 0, 48, 55, 22, 0, 1.62%, 1, 0, 8, 702.69, 157118
1651542477, 1, 29, 55, 22, 0, 1.62%, 1, 0, 8, 696.27, 160625
1651542482, 1, 0, 56, 23, 0, 1.62%, 1, 0, 8, 699.80, 164256
1651542487, 1, 0, 56, 23, 0, 1.62%, 1, 0, 8, 701.83, 167801
1651542492, 1, 28, 56, 23, 0, 1.62%, 1, 0, 8, 702.14, 171324
1651542498, 1, 22, 57, 24, 0, 1.62%, 1, 0, 8, 701.33, 174871
1651542503, 1, 14, 57, 24, 0, 1.62%, 1, 0, 8, 701.24, 178511
1651542508, 1, 57, 58, 25, 1, 1.62%, 1, 0, 8, 699.32, 182113
1651542513, 1, 4, 58, 24, 0, 1.62%, 1, 0, 8, 699.62, 185692
1651542518, 1, 53, 58, 24, 0, 1.62%, 1, 0, 8, 700.14, 189219
1651542523, 1, 0, 58, 23, 0, 1.62%, 1, 0, 8, 699.74, 192751
1651542528, 1, 20, 58, 23, 0, 1.62%, 1, 0, 8, 697.95, 196388
1651542533, 1, 14, 58, 23, 0, 1.62%, 1, 0, 8, 694.63, 199883
1651542539, 1, 39, 58, 23, 0, 1.62%, 1, 0, 8, 699.61, 203524
1651542544, 1, 55, 61, 26, 0, 1.62%, 1, 0, 9, 700.44, 207041
1651542549, 1, 55, 62, 27, 0, 1.62%, 1, 0, 9, 700.46, 210605
1651542554, 1, 55, 62, 27, 0, 1.62%, 1, 0, 9, 691.01, 214062
1651542559, 1, 55, 62, 27, 0, 1.62%, 1, 0, 9, 697.49, 217637
1651542564, 1, 31, 62, 26, 0, 1.62%, 1, 0, 9, 699.39, 221268
1651542569, 1, 47, 62, 26, 0, 1.62%, 1, 0, 9, 697.07, 224882
1651542574, 1, 47, 62, 26, 0, 1.62%, 1, 0, 9, 700.51, 228541
1651542579, 1, 31, 62, 26, 0, 1.62%, 1, 0, 9, 700.98, 232095
1651542584, 1, 0, 62, 26, 0, 1.62%, 1, 0, 9, 702.16, 235634
1651542590, 1, 24, 62, 26, 0, 1.62%, 1, 0, 9, 701.27, 239282
1651542595, 1, 0, 62, 26, 0, 1.62%, 1, 0, 9, 701.64, 242936
1651542600, 1, 22, 62, 26, 0, 1.62%, 1, 0, 9, 701.46, 246458
1651542605, 1, 20, 62, 26, 0, 1.62%, 1, 0, 9, 697.24, 249951
1651542610, 1, 25, 63, 27, 0, 1.62%, 1, 0, 9, 700.37, 253578
1651542615, 1, 44, 63, 26, 0, 1.62%, 1, 0, 9, 698.94, 257204
1651542620, 1, 13, 63, 26, 0, 1.62%, 1, 0, 9, 697.18, 260829
1651542626, 1, 44, 63, 25, 0, 1.62%, 1, 0, 9, 699.31, 264437
1651542631, 1, 33, 63, 25, 0, 1.62%, 1, 0, 9, 700.52, 268081
1651542636, 1, 14, 63, 25, 0, 1.62%, 1, 0, 9, 701.55, 271603
1651542641, 1, 15, 63, 25, 0, 1.62%, 1, 0, 9, 701.53, 275158
1651542646, 1, 14, 63, 25, 0, 1.62%, 1, 0, 9, 701.50, 278800
1651542651, 1, 0, 63, 25, 0, 1.62%, 1, 0, 9, 702.34, 282348
1651542656, 1, 57, 63, 25, 0, 1.62%, 1, 0, 9, 701.04, 285856
1651542661, 1, 61, 63, 25, 0, 1.62%, 1, 0, 9, 701.26, 289388
1651542666, 2, 46, 63, 24, 0, 1.62%, 1, 0, 9, 701.72, 293005
1651542671, 2, 22, 63, 24, 0, 1.62%, 1, 0, 9, 702.81, 296534
1651542676, 2, 28, 63, 24, 0, 1.62%, 1, 0, 9, 701.51, 300064
1651542682, 2, 57, 63, 24, 0, 1.62%, 1, 0, 9, 701.04, 303710
1651542687, 2, 0, 63, 24, 0, 1.62%, 1, 0, 9, 701.91, 307241
1651542692, 2, 21, 63, 24, 0, 1.62%, 1, 0, 9, 701.63, 310880
1651542697, 2, 31, 63, 23, 0, 1.62%, 1, 0, 9, 701.00, 314531
1651542702, 2, 29, 63, 23, 0, 1.62%, 1, 0, 9, 694.25, 318036
1651542707, 2, 46, 63, 23, 0, 1.62%, 1, 0, 9, 697.97, 321647
1651542712, 2, 15, 63, 23, 0, 1.62%, 1, 0, 9, 700.63, 325154
1651542717, 2, 25, 64, 24, 0, 1.62%, 1, 0, 9, 701.15, 328784
1651542722, 2, 35, 64, 24, 0, 1.62%, 1, 0, 9, 702.17, 332311
1651542728, 2, 44, 64, 24, 0, 1.62%, 1, 0, 9, 700.12, 335905
1651542733, 2, 59, 64, 24, 0, 1.62%, 1, 0, 9, 695.41, 339386
1651542738, 2, 47, 64, 23, 0, 1.62%, 1, 0, 9, 697.99, 342879
1651542743, 2, 14, 64, 23, 0, 1.62%, 1, 0, 9, 700.94, 346522
1651542748, 2, 0, 64, 23, 0, 1.62%, 1, 0, 9, 701.91, 350033
1651542753, 2, 58, 64, 23, 0, 1.62%, 1, 0, 9, 701.14, 353665
1651542758, 2, 46, 64, 22, 0, 1.62%, 1, 0, 9, 701.69, 357280
1651542763, 2, 28, 64, 22, 0, 1.62%, 1, 0, 9, 702.12, 360827
1651542768, 2, 0, 64, 22, 0, 1.62%, 1, 0, 9, 703.03, 364413
1651542773, 2, 60, 64, 22, 0, 1.62%, 1, 0, 9, 701.95, 367945
1651542778, 2, 60, 64, 21, 0, 1.62%, 1, 0, 9, 701.80, 371464
1651542783, 2, 0, 64, 21, 0, 1.62%, 1, 0, 9, 703.25, 375045
1651542788, 2, 29, 64, 21, 0, 1.62%, 1, 0, 9, 693.69, 378540
1651542794, 2, 0, 64, 21, 0, 1.62%, 1, 0, 9, 700.98, 382153
1651542799, 2, 47, 64, 21, 0, 1.62%, 1, 0, 9, 701.98, 385700
1651542804, 2, 36, 64, 21, 0, 1.62%, 1, 0, 9, 700.69, 389337
1651542809, 2, 64, 65, 22, 1, 1.63%, 1, 0, 9, 701.02, 392865
1651542814, 2, 46, 65, 21, 0, 1.63%, 1, 0, 9, 701.89, 396510
1651542819, 2, 15, 65, 21, 0, 1.63%, 1, 0, 9, 701.61, 400093
1651542824, 2, 62, 66, 22, 0, 1.63%, 1, 0, 9, 700.77, 403619
1651542829, 2, 39, 66, 21, 0, 1.63%, 1, 0, 9, 702.19, 407284
1651542835, 2, 47, 66, 21, 0, 1.63%, 1, 0, 9, 702.17, 410858
1651542840, 2, 47, 66, 21, 0, 1.63%, 1, 0, 9, 701.09, 414508
1651542845, 3, 46, 66, 21, 0, 1.63%, 1, 0, 9, 701.65, 418090
1651542850, 3, 0, 66, 21, 0, 1.63%, 1, 0, 9, 702.45, 421675
1651542855, 3, 49, 66, 21, 0, 1.63%, 1, 0, 9, 698.13, 425284
1651542860, 3, 46, 66, 20, 0, 1.63%, 1, 0, 9, 701.21, 428926
1651542865, 3, 47, 66, 20, 0, 1.63%, 1, 0, 9, 702.09, 432473
1651542870, 3, 46, 66, 20, 0, 1.63%, 1, 0, 9, 701.72, 436040
1651542876, 3, 48, 66, 20, 0, 1.63%, 1, 0, 9, 701.50, 439625
1651542881, 3, 0, 66, 20, 0, 1.63%, 1, 0, 9, 701.71, 443169
1651542886, 3, 36, 66, 20, 0, 1.63%, 1, 0, 9, 702.05, 446821
1651542891, 3, 14, 66, 20, 0, 1.63%, 1, 0, 9, 701.40, 450462
1651542896, 3, 13, 66, 20, 0, 1.63%, 1, 0, 9, 699.78, 454094
1651542901, 3, 57, 66, 20, 0, 1.63%, 1, 0, 9, 700.13, 457739
1651542906, 3, 0, 66, 20, 0, 1.63%, 1, 0, 9, 701.04, 461249
1651542912, 3, 15, 66, 20, 0, 1.63%, 1, 0, 9, 700.80, 464892
1651542914, 3, 46, 66, 20, 0, 0.00%, 1, 0, 9, 0.00, 466292
