# unix_time, cycles_done, cur_path, paths_total, pending_total, pending_favs, map_size, unique_crashes, unique_hangs, max_depth, execs_per_sec
1651464867, 0, 0, 328, 328, 1, 2.45%, 0, 0, 2, 6842.36, 36100
1651464872, 0, 180, 524, 521, 119, 2.54%, 0, 0, 3, 6975.81, 71804
1651464877, 0, 220, 581, 576, 124, 2.60%, 0, 0, 3, 7679.16, 112412
1651464882, 0, 602, 642, 636, 126, 2.66%, 0, 0, 4, 7716.78, 152571
1651464887, 0, 668, 693, 683, 130, 2.66%, 0, 0, 4, 7232.85, 189708
1651464892, 0, 523, 716, 705, 132, 2.68%, 0, 0, 4, 6975.08, 223324
1651464897, 0, 719, 736, 720, 130, 2.70%, 0, 0, 5, 7634.47, 262538
1651464902, 0, 502, 773, 751, 124, 2.72%, 0, 0, 5, 7168.34, 299789
1651464907, 0, 806, 851, 819, 120, 2.78%, 0, 0, 5, 6874.28, 334150
1651464912, 0, 723, 867, 833, 131, 2.80%, 0, 0, 5, 7297.16, 370733
1651464917, 0, 867, 900, 861, 132, 2.84%, 0, 0, 6, 6782.76, 405745
1651464922, 0, 587, 920, 877, 131, 2.84%, 0, 0, 6, 6988.15, 443384
1651464927, 0, 269, 953, 908, 128, 2.88%, 0, 0, 6, 6860.20, 474165
1651464932, 0, 845, 979, 930, 134, 2.91%, 0, 0, 6, 6962.20, 509690
1651464938, 0, 976, 998, 940, 135, 2.91%, 0, 0, 7, 6856.54, 544679
1651464943, 0, 950, 1016, 952, 131, 2.95%, 0, 0, 7, 7052.22, 580672
1651464948, 0, 197, 1039, 963, 124, 2.95%, 0, 0, 7, 7242.69, 618492
1651464953, 0, 1000, 1085, 997, 114, 2.98%, 0, 0, 7, 4145.56, 637824
1651464958, 0, 1013, 1121, 1021, 106, 3.00%, 0, 0, 7, 5835.92, 664962
1651464963, 0, 899, 1141, 1033, 101, 3.01%, 0, 0, 7, 7138.48, 703641
1651464968, 0, 1116, 1149, 1040, 102, 3.02%, 0, 0, 7, 6483.89, 735496
1651464973, 0, 975, 1167, 1053, 97, 3.03%, 0, 0, 8, 6571.80, 768474
1651464978, 0, 1090, 1181, 1059, 94, 3.03%, 0, 0, 8, 5308.66, 796336
1651464984, 0, 1090, 1183, 1061, 94, 3.03%, 0, 0, 8, 4002.63, 815176
1651464989, 0, 948, 1203, 1071, 84, 3.04%, 0, 0, 8, 6094.23, 845946
1651464994, 0, 1146, 1218, 1077, 78, 3.05%, 0, 0, 8, 6795.01, 883088
1651464999, 0, 1194, 1232, 1090, 79, 3.05%, 0, 0, 8, 6564.50, 916707
1651465004, 0, 1154, 1267, 1115, 71, 3.08%, 0, 0, 9, 6634.19, 950666
1651465009, 0, 1265, 1280, 1113, 66, 3.08%, 0, 0, 10, 6937.91, 987017
1651465014, 0, 1282, 1294, 1124, 65, 3.10%, 0, 0, 11, 7088.11, 1022675
1651465020, 0, 1281, 1302, 1129, 65, 3.11%, 0, 0, 11, 7103.53, 1058318
1651465025, 0, 988, 1314, 1135, 60, 3.17%, 0, 0, 11, 5987.59, 1087452
1651465030, 0, 1293, 1324, 1140, 54, 3.17%, 0, 0, 12, 6082.09, 1117233
1651465035, 0, 597, 1338, 1148, 50, 3.19%, 0, 0, 12, 6577.60, 1150163
1651465040, 0, 1035, 1344, 1149, 45, 3.19%, 0, 0, 12, 6784.75, 1185368
1651465045, 0, 1350, 1354, 1138, 29, 3.20%, 0, 0, 12, 6972.58, 1221654
1651465050, 0, 1366, 1379, 1153, 21, 3.26%, 0, 0, 12, 7294.92, 1257753
1651465055, 0, 1300, 1387, 1156, 25, 3.27%, 0, 0, 12, 7490.67, 1297300
1651465060, 0, 1125, 1400, 1162, 22, 3.27%, 0, 0, 12, 7273.97, 1334348
1651465065, 0, 1221, 1412, 1160, 10, 3.28%, 0, 0, 13, 6870.16, 1369631
1651465070, 0, 1410, 1422, 1168, 9, 3.38%, 0, 0, 13, 5420.78, 1395527
1651465075, 0, 1421, 1482, 1227, 12, 3.47%, 0, 0, 13, 5625.76, 1423485
1651465080, 0, 1492, 1517, 1259, 31, 3.48%, 0, 0, 13, 4681.50, 1446558
1651465086, 0, 1470, 1532, 1272, 32, 3.51%, 0, 0, 13, 4696.45, 1469060
1651465091, 0, 1539, 1546, 1283, 32, 3.53%, 0, 0, 13, 6020.27, 1501078
1651465096, 0, 1544, 1561, 1293, 34, 3.54%, 0, 0, 14, 6358.44, 1533065
1651465101, 0, 1440, 1571, 1298, 32, 3.54%, 0, 0, 15, 6696.59, 1569442
1651465106, 0, 1568, 1585, 1306, 27, 3.54%, 0, 0, 15, 6316.33, 1600952
1651465111, 0, 1390, 1589, 1306, 23, 3.54%, 0, 0, 15, 6049.26, 1631094
1651465116, 0, 589, 1593, 1300, 16, 3.54%, 0, 0, 15, 5580.63, 1659303
1651465121, 0, 1600, 1605, 1300, 12, 3.55%, 0, 0, 15, 6326.20, 1691081
1651465126, 0, 1616, 1621, 1308, 12, 3.55%, 0, 0, 15, 6113.81, 1722804
1651465131, 0, 1604, 1635, 1319, 12, 3.55%, 0, 0, 16, 6364.11, 1754884
1651465136, 0, 1105, 1642, 1317, 7, 3.55%, 0, 0, 16, 6294.60, 1786640
1651465142, 0, 1503, 1650, 1315, 1, 3.55%, 0, 0, 16, 6486.09, 1820050
1651465147, 0, 1601, 1652, 1315, 0, 3.55%, 0, 0, 16, 6671.22, 1853875
1651465152, 0, 1036, 1660, 1323, 0, 3.55%, 0, 0, 16, 6069.98, 1885016
1651465157, 0, 1381, 1664, 1327, 0, 3.55%, 0, 0, 16, 6472.29, 1916925
1651465162, 0, 384, 1666, 1328, 0, 3.55%, 0, 0, 16, 7078.19, 1954545
1651465167, 0, 1668, 1676, 1334, 3, 3.56%, 0, 0, 16, 7192.63, 1990338
1651465172, 0, 1292, 1680, 1335, 1, 3.56%, 0, 0, 16, 6866.87, 2025928
1651465177, 0, 1680, 1682, 1335, 1, 3.57%, 0, 0, 16, 7092.14, 2061785
1651465182, 0, 867, 1690, 1339, 0, 3.57%, 0, 0, 16, 6629.92, 2096505
1651465187, 0, 1690, 1702, 1351, 1, 3.59%, 0, 0, 16, 6041.26, 2126567
1651465192, 0, 1526, 1705, 1346, 3, 3.59%, 0, 0, 16, 6503.66, 2160270
1651465197, 0, 1693, 1716, 1352, 4, 3.60%, 0, 0, 16, 6694.48, 2194380
1651465203, 0, 1673, 1721, 1351, 0, 3.60%, 0, 0, 16, 6627.19, 2228105
1651465208, 0, 233, 1724, 1350, 0, 3.60%, 0, 0, 16, 7032.31, 2265790
1651465213, 0, 307, 1740, 1366, 0, 3.61%, 0, 0, 16, 6094.71, 2296939
1651465218, 0, 620, 1743, 1367, 0, 3.61%, 0, 0, 16, 6770.75, 2329130
1651465223, 0, 1529, 1748, 1372, 0, 3.61%, 0, 0, 16, 6343.75, 2359667
1651465228, 0, 1751, 1759, 1382, 1, 3.62%, 0, 0, 16, 5913.74, 2392136
1651465233, 0, 1758, 1762, 1384, 5, 3.63%, 0, 0, 16, 5314.00, 2417623
1651465238, 0, 1771, 1780, 1393, 3, 3.72%, 0, 0, 16, 6447.69, 2450238
1651465243, 0, 1800, 1807, 1417, 12, 3.75%, 0, 0, 16, 6742.27, 2484225
1651465248, 0, 1814, 1837, 1446, 14, 3.80%, 0, 0, 16, 7346.58, 2523033
1651465254, 0, 1830, 1844, 1450, 15, 3.81%, 0, 0, 16, 7332.98, 2560139
1651465259, 0, 1828, 1862, 1459, 12, 3.83%, 0, 0, 16, 6937.67, 2596504
1651465264, 0, 1860, 1871, 1466, 13, 3.84%, 0, 0, 16, 6031.09, 2626126
1651465269, 0, 1850, 1886, 1477, 13, 3.95%, 0, 0, 16, 6788.90, 2659943
1651465274, 0, 1881, 1896, 1479, 8, 3.96%, 0, 0, 16, 7257.47, 2696623
1651465279, 0, 1898, 1901, 1480, 9, 3.97%, 0, 0, 16, 6801.30, 2733276
1651465284, 0, 1165, 1911, 1483, 5, 3.99%, 0, 0, 16, 6357.63, 2767269
1651465289, 0, 167, 1914, 1483, 5, 3.99%, 0, 0, 16, 6158.36, 2797171
1651465294, 0, 1482, 1921, 1478, 2, 3.99%, 0, 0, 16, 6059.64, 2828938
1651465300, 0, 1379, 1926, 1476, 1, 3.99%, 0, 0, 16, 6664.47, 2863916
1651465305, 0, 1553, 1926, 1474, 2, 3.99%, 0, 0, 16, 6794.40, 2898409
1651465310, 0, 536, 1930, 1470, 0, 3.99%, 0, 0, 16, 6881.20, 2932402
1651465315, 0, 24, 1931, 1470, 0, 3.99%, 0, 0, 16, 6988.08, 2969677
1651465320, 0, 1932, 1939, 1477, 1, 4.00%, 0, 0, 16, 2640.26, 3003021
1651465325, 0, 1276, 1939, 1476, 0, 4.00%, 0, 0, 16, 5622.17, 3036887
1651465330, 0, 1124, 1952, 1484, 0, 4.00%, 0, 0, 17, 6207.94, 3068461
1651465335, 0, 1761, 1958, 1490, 0, 4.01%, 0, 0, 17, 6246.09, 3102266
1651465340, 0, 1353, 1967, 1493, 0, 4.01%, 0, 0, 17, 6476.10, 3135711
1651465345, 0, 777, 1975, 1500, 0, 4.01%, 0, 0, 17, 5945.77, 3165676
1651465350, 0, 1915, 1980, 1504, 0, 4.02%, 0, 0, 17, 5652.52, 3194847
1651465356, 0, 1977, 1989, 1511, 1, 4.02%, 0, 0, 17, 5658.69, 3223905
1651465361, 0, 1987, 1994, 1515, 2, 4.02%, 0, 0, 17, 5620.46, 3252380
1651465366, 0, 1382, 1994, 1512, 0, 4.02%, 0, 0, 17, 6309.54, 3286106
1651465371, 0, 1466, 1998, 1515, 0, 4.02%, 0, 0, 17, 5571.77, 3312932
1651465376, 0, 1568, 2001, 1518, 0, 4.02%, 0, 0, 17, 6501.85, 3347376
1651465381, 0, 2002, 2005, 1522, 2, 4.02%, 0, 0, 17, 6990.99, 3384118
1651465386, 0, 1562, 2006, 1521, 0, 4.02%, 0, 0, 17, 6728.44, 3417972
1651465391, 0, 1558, 2010, 1512, 1, 4.02%, 0, 0, 17, 6744.01, 3450853
1651465396, 0, 1480, 2012, 1513, 0, 4.02%, 0, 0, 17, 6162.00, 3483260
1651465402, 0, 955, 2014, 1514, 0, 4.02%, 0, 0, 17, 5601.09, 3511005
1651465407, 0, 1394, 2018, 1517, 1, 4.02%, 0, 0, 17, 1557.42, 3544918
1651465412, 0, 1503, 2018, 1516, 0, 4.02%, 0, 0, 17, 5704.73, 3580393
1651465417, 0, 1847, 2019, 1517, 0, 4.02%, 0, 0, 17, 7030.46, 3618808
1651465422, 0, 1381, 2020, 1516, 0, 4.02%, 0, 0, 17, 6419.47, 3648486
1651465427, 0, 1531, 2021, 1517, 0, 4.02%, 0, 0, 17, 6023.00, 3679240
1651465432, 0, 52, 2023, 1519, 0, 4.02%, 0, 0, 17, 5987.07, 3710178
1651465437, 0, 1124, 2023, 1518, 0, 4.02%, 0, 0, 17, 6840.89, 3746294
1651465442, 0, 2027, 2034, 1529, 2, 4.04%, 0, 0, 17, 3898.16, 3764140
1651465448, 0, 2027, 2035, 1530, 2, 4.04%, 0, 0, 17, 2404.60, 3774390
1651465453, 0, 2027, 2036, 1531, 2, 4.04%, 0, 0, 17, 2072.80, 3784517
1651465458, 0, 1265, 2041, 1528, 8, 4.05%, 0, 0, 17, 4648.71, 3810804
1651465463, 0, 640, 2043, 1523, 5, 4.05%, 0, 0, 17, 5256.51, 3836430
1651465468, 0, 1829, 2049, 1520, 4, 4.05%, 0, 0, 17, 5810.64, 3865871
1651465473, 0, 1862, 2053, 1514, 1, 4.05%, 0, 0, 17, 5666.95, 3893551
1651465478, 0, 844, 2054, 1506, 1, 4.05%, 0, 0, 17, 6752.70, 3929576
1651465483, 0, 2029, 2056, 1506, 1, 4.05%, 0, 0, 17, 6574.75, 3962344
1651465488, 0, 2037, 2058, 1507, 0, 4.05%, 0, 0, 17, 7090.75, 3997875
1651465493, 0, 615, 2059, 1507, 0, 4.05%, 0, 0, 17, 7489.89, 4035971
1651465499, 0, 564, 2060, 1507, 0, 4.05%, 0, 0, 17, 6450.83, 4066432
1651465504, 0, 2037, 2062, 1508, 0, 4.05%, 0, 0, 17, 6870.18, 4101207
1651465509, 0, 1816, 2064, 1509, 0, 4.06%, 0, 0, 17, 6983.37, 4137782
1651465514, 0, 1557, 2065, 1509, 0, 4.06%, 0, 0, 17, 7196.82, 4172499
1651465519, 0, 961, 2069, 1513, 0, 4.06%, 0, 0, 17, 6783.69, 4205393
1651465524, 0, 1879, 2073, 1514, 0, 4.06%, 0, 0, 17, 6644.96, 4238235
1651465529, 0, 1036, 2078, 1519, 0, 4.06%, 0, 0, 17, 6896.73, 4275041
1651465534, 0, 67, 2080, 1520, 0, 4.06%, 0, 0, 17, 6789.78, 4308257
1651465539, 0, 900, 2084, 1521, 0, 4.06%, 0, 0, 17, 7414.74, 4346903
1651465544, 0, 1910, 2087, 1523, 0, 4.06%, 0, 0, 17, 6716.94, 4381346
1651465549, 0, 2088, 2095, 1528, 1, 4.08%, 0, 0, 17, 6754.96, 4415575
1651465554, 0, 1967, 2101, 1533, 2, 4.08%, 0, 0, 17, 7274.95, 4453003
1651465560, 0, 469, 2107, 1529, 0, 4.08%, 0, 0, 17, 6592.08, 4487493
1651465565, 0, 261, 2111, 1533, 0, 4.08%, 0, 0, 17, 6046.30, 4519353
1651465570, 0, 1544, 2112, 1534, 0, 4.08%, 0, 0, 17, 6903.69, 4556585
1651465575, 0, 1519, 2116, 1538, 0, 4.08%, 0, 0, 17, 6972.24, 4592907
1651465580, 0, 1371, 2116, 1537, 0, 4.08%, 0, 0, 17, 7160.25, 4630070
1651465585, 0, 1471, 2116, 1537, 0, 4.08%, 0, 0, 17, 6964.47, 4664934
1651465590, 0, 1899, 2117, 1538, 0, 4.08%, 0, 0, 17, 7145.17, 4701778
1651465595, 0, 936, 2118, 1539, 0, 4.08%, 0, 0, 17, 6736.55, 4735673
1651465600, 0, 1124, 2119, 1534, 0, 4.08%, 0, 0, 17, 6297.52, 4767192
1651465606, 0, 1698, 2120, 1533, 0, 4.08%, 0, 0, 17, 6379.08, 4798772
1651465611, 0, 1125, 2120, 1532, 0, 4.08%, 0, 0, 17, 6931.59, 4834304
1651465616, 0, 261, 2120, 1531, 0, 4.08%, 0, 0, 17, 6781.91, 4870286
1651465621, 0, 1879, 2121, 1532, 0, 4.08%, 0, 0, 17, 6419.64, 4904046
1651465626, 0, 847, 2121, 1532, 0, 4.08%, 0, 0, 17, 6813.22, 4939149
1651465631, 0, 1104, 2123, 1533, 0, 4.08%, 0, 0, 17, 6314.76, 4969172
1651465636, 0, 1468, 2123, 1533, 0, 4.08%, 0, 0, 17, 6744.50, 5006358
1651465641, 0, 1557, 2123, 1532, 0, 4.08%, 0, 0, 17, 6742.93, 5039983
1651465646, 0, 2092, 2126, 1533, 0, 4.08%, 0, 0, 17, 6921.06, 5075196
1651465651, 0, 1377, 2126, 1533, 0, 4.08%, 0, 0, 17, 7082.59, 5110717
1651465656, 0, 2036, 2127, 1533, 0, 4.09%, 0, 0, 17, 5520.78, 5138632
1651465661, 0, 1000, 2127, 1529, 0, 4.09%, 0, 0, 17, 6251.12, 5169078
1651465667, 0, 2007, 2130, 1532, 0, 4.09%, 0, 0, 17, 6952.45, 5206154
1651465672, 0, 1681, 2138, 1533, 1, 4.09%, 0, 0, 17, 5828.59, 5233660
1651465677, 0, 1879, 2140, 1529, 0, 4.09%, 0, 0, 17, 6480.83, 5267536
1651465682, 0, 1033, 2140, 1527, 0, 4.09%, 0, 0, 17, 6504.13, 5300365
1651465687, 0, 1668, 2142, 1529, 0, 4.09%, 0, 0, 17, 6716.27, 5337211
1651465692, 0, 961, 2143, 1527, 0, 4.09%, 0, 0, 17, 6833.07, 5371485
1651465697, 0, 2037, 2145, 1525, 0, 4.09%, 0, 0, 17, 7239.68, 5409134
1651465702, 0, 1629, 2146, 1524, 0, 4.09%, 0, 0, 17, 6945.87, 5445124
1651465707, 0, 76, 2147, 1525, 0, 4.09%, 0, 0, 17, 7280.99, 5483092
1651465713, 0, 1347, 2147, 1524, 0, 4.09%, 0, 0, 17, 6803.13, 5516359
1651465718, 0, 1694, 2147, 1524, 0, 4.09%, 0, 0, 17, 6844.08, 5552049
1651465723, 0, 1382, 2148, 1524, 0, 4.09%, 0, 0, 17, 7060.86, 5589017
1651465728, 0, 1828, 2148, 1523, 0, 4.09%, 0, 0, 17, 6396.82, 5621161
1651465733, 0, 2032, 2149, 1523, 0, 4.09%, 0, 0, 17, 6077.64, 5652885
1651465738, 0, 195, 2152, 1526, 0, 4.09%, 0, 0, 17, 5923.90, 5682850
1651465743, 0, 1829, 2155, 1529, 0, 4.09%, 0, 0, 17, 6755.23, 5718885
1651465748, 0, 773, 2156, 1530, 0, 4.09%, 0, 0, 17, 6361.47, 5751100
1651465753, 0, 122, 2157, 1530, 0, 4.09%, 0, 0, 17, 6967.31, 5786949
1651465758, 0, 2052, 2161, 1533, 0, 4.09%, 0, 0, 17, 6825.81, 5822669
1651465764, 0, 1468, 2162, 1534, 0, 4.09%, 0, 0, 17, 7057.18, 5859372
1651465769, 0, 64, 2164, 1533, 0, 4.09%, 0, 0, 17, 6972.98, 5894970
1651465774, 0, 1124, 2165, 1534, 0, 4.09%, 0, 0, 18, 6910.95, 5929252
1651465779, 0, 1232, 2165, 1534, 0, 4.09%, 0, 0, 18, 7030.40, 5965373
1651465784, 0, 1926, 2169, 1534, 1, 4.10%, 0, 0, 18, 5880.99, 5993519
1651465789, 0, 1629, 2170, 1525, 1, 4.10%, 0, 0, 18, 6171.80, 6025723
1651465794, 0, 1369, 2172, 1525, 0, 4.10%, 0, 0, 18, 6519.62, 6057852
1651465799, 0, 2001, 2173, 1526, 0, 4.10%, 0, 0, 18, 5962.11, 6087565
1651465804, 0, 726, 2174, 1526, 0, 4.10%, 0, 0, 18, 6623.02, 6121258
1651465809, 0, 159, 2174, 1526, 0, 4.10%, 0, 0, 18, 6472.81, 6154280
1651465815, 0, 1681, 2175, 1527, 0, 4.10%, 0, 0, 18, 6946.28, 6190254
1651465820, 0, 886, 2176, 1526, 0, 4.10%, 0, 0, 18, 6787.00, 6223362
1651465825, 0, 1292, 2176, 1526, 0, 4.10%, 0, 0, 18, 6398.92, 6255416
1651465830, 0, 156, 2178, 1527, 0, 4.10%, 0, 0, 18, 5859.59, 6283763
1651465835, 0, 1797, 2178, 1527, 0, 4.10%, 0, 0, 18, 6673.92, 6319188
1651465840, 0, 1252, 2178, 1526, 0, 4.10%, 0, 0, 18, 7142.32, 6355645
1651465845, 0, 261, 2178, 1525, 0, 4.10%, 0, 0, 18, 6776.02, 6388005
1651465850, 0, 1253, 2179, 1526, 0, 4.10%, 0, 0, 18, 6798.06, 6421924
1651465855, 0, 195, 2179, 1526, 0, 4.10%, 0, 0, 18, 6750.16, 6455560
1651465860, 0, 2036, 2180, 1527, 0, 4.10%, 0, 0, 18, 6163.94, 6487259
1651465865, 0, 1791, 2181, 1527, 0, 4.10%, 0, 0, 18, 6675.67, 6520603
1651465870, 0, 1037, 2181, 1527, 0, 4.10%, 0, 0, 18, 5788.54, 6549362
1651465875, 0, 1895, 2181, 1525, 0, 4.10%, 0, 0, 18, 6394.27, 6582731
1651465880, 0, 1373, 2182, 1524, 0, 4.10%, 0, 0, 18, 6645.13, 6617962
1651465885, 0, 1692, 2182, 1524, 0, 4.10%, 0, 0, 18, 6846.74, 6652662
1651465891, 0, 78, 2184, 1524, 0, 4.10%, 0, 0, 18, 6655.16, 6687082
1651465896, 0, 1471, 2184, 1521, 0, 4.10%, 0, 0, 18, 7478.36, 6725159
1651465901, 0, 2135, 2184, 1521, 0, 4.10%, 0, 0, 18, 6175.88, 6756396
1651465906, 0, 1721, 2186, 1521, 0, 4.10%, 0, 0, 18, 6408.66, 6786833
1651465911, 0, 1471, 2187, 1521, 0, 4.10%, 0, 0, 18, 6928.47, 6820158
1651465916, 0, 1890, 2187, 1521, 0, 4.10%, 0, 0, 18, 7151.32, 6856740
1651465921, 0, 1471, 2188, 1522, 0, 4.10%, 0, 0, 18, 7070.67, 6891465
1651465926, 0, 1867, 2189, 1520, 0, 4.10%, 0, 0, 18, 7045.10, 6926513
1651465931, 0, 2037, 2191, 1522, 0, 4.10%, 0, 0, 18, 6923.42, 6959902
1651465936, 0, 2052, 2194, 1517, 0, 4.10%, 0, 0, 18, 6870.99, 6994852
1651465941, 0, 1000, 2195, 1517, 0, 4.10%, 0, 0, 18, 6931.42, 7029932
1651465946, 0, 1377, 2197, 1517, 1, 4.10%, 0, 0, 18, 5253.70, 7056166
1651465951, 0, 1480, 2198, 1516, 0, 4.10%, 0, 0, 18, 6167.35, 7086859
1651465956, 0, 900, 2201, 1517, 0, 4.11%, 0, 0, 18, 7096.77, 7123696
1651465961, 0, 1558, 2203, 1516, 0, 4.11%, 0, 0, 18, 6735.38, 7155321
1651465967, 0, 983, 2203, 1514, 0, 4.11%, 0, 0, 18, 7118.22, 7193099
1651465972, 0, 261, 2205, 1516, 0, 4.11%, 0, 0, 18, 7175.55, 7230312
1651465977, 0, 1207, 2207, 1518, 1, 4.11%, 0, 0, 18, 6767.61, 7264217
1651465982, 0, 2001, 2208, 1518, 0, 4.11%, 0, 0, 18, 6231.57, 7296169
1651465987, 0, 76, 2209, 1516, 0, 4.11%, 0, 0, 18, 6362.47, 7329668
1651465992, 0, 1548, 2211, 1518, 0, 4.11%, 0, 0, 18, 6483.80, 7363660
1651465997, 0, 1871, 2211, 1517, 0, 4.11%, 0, 0, 18, 6430.75, 7395097
1651466003, 0, 1987, 2212, 1516, 0, 4.11%, 0, 0, 18, 5917.07, 7426769
1651466008, 0, 1276, 2213, 1515, 0, 4.11%, 0, 0, 18, 6330.33, 7458988
1651466013, 0, 976, 2213, 1515, 0, 4.11%, 0, 0, 18, 6248.45, 7491162
1651466018, 0, 1276, 2213, 1513, 0, 4.11%, 0, 0, 18, 6399.35, 7521541
1651466023, 0, 338, 2213, 1513, 0, 4.11%, 0, 0, 18, 6335.39, 7554541
1651466028, 0, 1895, 2213, 1512, 0, 4.11%, 0, 0, 18, 6799.39, 7590641
1651466033, 0, 1540, 2214, 1513, 0, 4.11%, 0, 0, 18, 7119.70, 7627761
1651466038, 0, 1359, 2219, 1517, 1, 4.11%, 0, 0, 18, 6516.83, 7659928
1651466043, 0, 814, 2219, 1515, 0, 4.11%, 0, 0, 18, 6857.72, 7695648
1651466049, 0, 1556, 2219, 1514, 0, 4.11%, 0, 0, 18, 7126.37, 7732606
1651466054, 0, 1694, 2220, 1515, 0, 4.11%, 0, 0, 18, 6882.87, 7767835
1651466059, 0, 1394, 2220, 1515, 0, 4.11%, 0, 0, 18, 6374.12, 7800299
1651466064, 0, 1925, 2223, 1513, 0, 4.12%, 0, 0, 18, 7153.96, 7837688
1651466069, 0, 1371, 2223, 1513, 0, 4.12%, 0, 0, 18, 7138.30, 7874335
1651466074, 1, 2217, 2228, 1515, 0, 4.12%, 0, 0, 18, 7215.51, 7911065
1651466079, 1, 1521, 2232, 1516, 0, 4.12%, 0, 0, 18, 4901.43, 7935313
1651466084, 1, 2230, 2241, 1524, 1, 4.12%, 0, 0, 18, 4219.61, 7956631
1651466090, 1, 2236, 2245, 1526, 2, 4.12%, 0, 0, 18, 3385.42, 7974093
1651466095, 1, 607, 2253, 1533, 1, 4.12%, 0, 0, 18, 4692.34, 7998412
1651466100, 1, 990, 2259, 1536, 0, 4.13%, 0, 0, 18, 5439.69, 8026115
1651466105, 1, 2257, 2281, 1556, 1, 4.15%, 0, 0, 18, 6187.61, 8057563
1651466110, 1, 2265, 2287, 1559, 5, 4.15%, 0, 0, 18, 6389.56, 8091436
1651466115, 1, 2271, 2297, 1564, 1, 4.15%, 0, 0, 18, 6499.04, 8124347
1651466120, 1, 38, 2304, 1567, 0, 4.15%, 0, 0, 18, 6674.95, 8158565
1651466125, 1, 1989, 2313, 1573, 0, 4.15%, 0, 0, 18, 6229.52, 8189980
1651466130, 1, 2314, 2320, 1577, 1, 4.15%, 0, 0, 18, 5276.08, 8214860
1651466136, 1, 2314, 2327, 1584, 1, 4.15%, 0, 0, 18, 3401.79, 8229724
1651466141, 1, 2028, 2331, 1585, 1, 4.15%, 0, 0, 18, 4373.37, 8252999
1651466146, 1, 2320, 2350, 1602, 2, 4.16%, 0, 0, 18, 4611.77, 8278241
1651466151, 1, 2320, 2355, 1607, 2, 4.16%, 0, 0, 18, 2741.95, 8289691
1651466156, 1, 2320, 2360, 1612, 2, 4.16%, 0, 0, 18, 2367.48, 8301016
1651466161, 1, 2349, 2370, 1618, 2, 4.17%, 0, 0, 18, 2817.17, 8316997
1651466166, 1, 2088, 2377, 1623, 5, 4.17%, 0, 0, 18, 4457.02, 8339213
1651466171, 1, 2374, 2386, 1632, 5, 4.18%, 0, 0, 18, 4873.42, 8365107
1651466176, 1, 2361, 2393, 1633, 4, 4.18%, 0, 0, 18, 5055.82, 8392012
1651466181, 1, 2362, 2401, 1636, 3, 4.18%, 0, 0, 18, 4233.84, 8412701
1651466187, 1, 656, 2403, 1633, 0, 4.18%, 0, 0, 18, 6522.55, 8447071
1651466192, 1, 2221, 2406, 1634, 0, 4.18%, 0, 0, 18, 7203.36, 8484224
1651466197, 1, 1284, 2411, 1637, 0, 4.18%, 0, 0, 18, 6022.73, 8514356
1651466202, 1, 1551, 2419, 1641, 1, 4.18%, 0, 0, 18, 5072.17, 8539693
1651466207, 1, 2240, 2424, 1640, 1, 4.18%, 0, 0, 18, 6280.54, 8572812
1651466212, 1, 1117, 2426, 1634, 1, 4.18%, 0, 0, 18, 6584.14, 8607318
1651466217, 1, 1985, 2429, 1634, 0, 4.18%, 0, 0, 18, 6008.46, 8637974
1651466222, 1, 1675, 2434, 1638, 0, 4.18%, 0, 0, 18, 5493.28, 8665104
1651466228, 1, 1036, 2438, 1640, 0, 4.18%, 0, 0, 18, 6225.66, 8699021
1651466233, 1, 1869, 2444, 1642, 0, 4.18%, 0, 0, 18, 6275.93, 8732797
1651466238, 1, 2338, 2446, 1639, 0, 4.18%, 0, 0, 18, 5346.43, 8760621
1651466243, 1, 701, 2449, 1639, 0, 4.18%, 0, 0, 18, 5608.50, 8788782
1651466248, 1, 1985, 2451, 1641, 0, 4.18%, 0, 0, 18, 5329.57, 8814386
1651466253, 1, 1103, 2456, 1641, 0, 4.18%, 0, 0, 18, 5836.61, 8844765
1651466258, 1, 1718, 2464, 1648, 0, 4.18%, 0, 0, 18, 5896.96, 8876980
1651466263, 1, 2095, 2469, 1650, 1, 4.18%, 0, 0, 18, 5506.47, 8903138
1651466268, 1, 2384, 2475, 1652, 0, 4.18%, 0, 0, 18, 6090.86, 8936461
1651466274, 1, 1343, 2479, 1652, 0, 4.18%, 0, 0, 18, 6208.12, 8967762
1651466279, 1, 1918, 2481, 1650, 0, 4.18%, 0, 0, 18, 6230.39, 9000102
1651466284, 1, 765, 2482, 1646, 0, 4.18%, 0, 0, 18, 6410.13, 9032907
1651466289, 1, 2052, 2492, 1655, 0, 4.18%, 0, 0, 18, 5307.76, 9058871
1651466294, 1, 776, 2494, 1655, 0, 4.18%, 0, 0, 18, 6536.14, 9094618
1651466299, 1, 1953, 2503, 1660, 0, 4.18%, 0, 0, 18, 6083.94, 9126259
1651466304, 1, 1377, 2506, 1658, 0, 4.18%, 0, 0, 18, 6619.22, 9157962
1651466309, 1, 1377, 2510, 1658, 0, 4.18%, 0, 0, 18, 6616.02, 9190591
1651466314, 1, 1381, 2510, 1657, 0, 4.18%, 0, 0, 18, 6529.99, 9224294
1651466320, 1, 1895, 2512, 1656, 0, 4.18%, 0, 0, 18, 6183.03, 9255310
1651466325, 1, 2216, 2515, 1655, 0, 4.18%, 0, 0, 18, 6297.89, 9287272
1651466330, 1, 1175, 2517, 1652, 0, 4.18%, 0, 0, 18, 5756.25, 9317129
1651466335, 1, 2178, 2521, 1650, 1, 4.18%, 0, 0, 18, 5583.80, 9345849
1651466340, 1, 1953, 2526, 1647, 1, 4.18%, 0, 0, 18, 6899.99, 9370470
1651466345, 1, 1430, 2527, 1642, 1, 4.18%, 0, 0, 18, 6180.53, 9401044
1651466350, 1, 351, 2531, 1637, 1, 4.18%, 0, 0, 18, 7096.55, 9436785
1651466355, 1, 2136, 2534, 1634, 2, 4.19%, 0, 0, 18, 5082.07, 9460613
1651466360, 1, 2239, 2538, 1632, 1, 4.19%, 0, 0, 18, 4963.22, 9484404
1651466365, 1, 2531, 2542, 1635, 1, 4.19%, 0, 0, 18, 2165.68, 9491056
1651466370, 1, 1207, 2544, 1635, 0, 4.19%, 0, 0, 18, 3086.65, 9504091
1651466375, 1, 1309, 2547, 1635, 0, 4.19%, 0, 0, 18, 4924.74, 9532591
1651466381, 1, 1363, 2550, 1638, 0, 4.19%, 0, 0, 18, 5500.46, 9560634
1651466386, 1, 1390, 2550, 1634, 0, 4.19%, 0, 0, 18, 6187.52, 9594213
1651466391, 1, 1386, 2554, 1636, 0, 4.19%, 0, 0, 18, 5821.45, 9623093
1651466396, 1, 2522, 2560, 1642, 0, 4.19%, 0, 0, 18, 4982.72, 9649923
1651466401, 1, 2562, 2564, 1641, 1, 4.19%, 0, 0, 18, 1070.51, 9675119
1651466406, 1, 2221, 2565, 1637, 0, 4.19%, 0, 0, 18, 7109.12, 9708832
1651466411, 1, 2001, 2565, 1634, 0, 4.19%, 0, 0, 18, 6287.64, 9740482
1651466416, 1, 1468, 2567, 1635, 0, 4.19%, 0, 0, 18, 6695.14, 9776225
1651466421, 1, 2058, 2571, 1633, 0, 4.19%, 0, 0, 18, 6178.00, 9806044
1651466426, 1, 2221, 2572, 1630, 0, 4.19%, 0, 0, 18, 6312.64, 9838620
1651466431, 1, 1890, 2575, 1631, 0, 4.19%, 0, 0, 18, 6904.47, 9874901
1651466436, 1, 1253, 2577, 1630, 0, 4.19%, 0, 0, 18, 6629.57, 9907939
1651466441, 1, 70, 2581, 1633, 0, 4.19%, 0, 0, 18, 6994.43, 9942900
1651466447, 1, 2136, 2585, 1633, 0, 4.19%, 0, 0, 18, 6157.82, 9975117
1651466452, 1, 1987, 2589, 1637, 0, 4.19%, 0, 0, 18, 5234.88, 9997585
1651466457, 1, 1531, 2589, 1636, 0, 4.19%, 0, 0, 18, 7055.52, 10034129
1651466462, 1, 472, 2590, 1635, 0, 4.19%, 0, 0, 18, 6586.51, 10068065
1651466467, 1, 207, 2590, 1634, 0, 4.19%, 0, 0, 18, 6895.69, 10103798
1651466472, 1, 2565, 2591, 1632, 0, 4.19%, 0, 0, 18, 6686.04, 10136072
1651466477, 1, 2595, 2596, 1632, 1, 4.20%, 0, 0, 18, 4590.37, 10155664
1651466482, 1, 2595, 2600, 1636, 1, 4.20%, 0, 0, 18, 2365.67, 10164416
1651466487, 1, 2595, 2600, 1636, 1, 4.20%, 0, 0, 18, 1862.75, 10173188
1651466492, 1, 951, 2603, 1635, 1, 4.20%, 0, 0, 18, 4800.30, 10199358
1651466498, 1, 781, 2606, 1630, 1, 4.20%, 0, 0, 18, 5579.65, 10230812
1651466503, 1, 2264, 2607, 1629, 0, 4.20%, 0, 0, 18, 6317.19, 10261520
1651466508, 1, 2577, 2608, 1627, 0, 4.20%, 0, 0, 18, 5938.45, 10290723
1651466513, 1, 2404, 2614, 1628, 0, 4.20%, 0, 0, 18, 4346.56, 10314248
1651466518, 1, 1985, 2614, 1627, 0, 4.20%, 0, 0, 18, 3173.64, 10326956
1651466523, 1, 1300, 2616, 1628, 0, 4.20%, 0, 0, 18, 5266.41, 10353561
1651466528, 1, 1899, 2620, 1626, 0, 4.20%, 0, 0, 18, 6314.77, 10386444
1651466533, 1, 2452, 2622, 1627, 0, 4.20%, 0, 0, 18, 6734.60, 10420566
1651466538, 1, 2058, 2622, 1625, 0, 4.20%, 0, 0, 18, 6637.00, 10454015
1651466543, 1, 1281, 2624, 1621, 0, 4.20%, 0, 0, 18, 5920.97, 10483440
1651466548, 1, 1760, 2626, 1621, 0, 4.20%, 0, 0, 18, 5826.92, 10513421
1651466554, 1, 1528, 2626, 1617, 0, 4.20%, 0, 0, 18, 6074.23, 10545307
1651466559, 1, 1382, 2627, 1617, 0, 4.20%, 0, 0, 18, 6809.86, 10582286
1651466564, 1, 1382, 2629, 1617, 0, 4.20%, 0, 0, 18, 5616.80, 10609777
1651466569, 1, 424, 2635, 1622, 0, 4.20%, 0, 0, 18, 6538.32, 10643238
1651466574, 1, 1670, 2636, 1620, 0, 4.20%, 0, 0, 19, 6402.57, 10675360
1651466579, 1, 1547, 2638, 1618, 0, 4.20%, 0, 0, 19, 6233.84, 10708399
1651466584, 1, 1941, 2639, 1618, 0, 4.20%, 0, 0, 19, 6381.03, 10742003
1651466589, 1, 1648, 2640, 1613, 0, 4.20%, 0, 0, 19, 5433.15, 10770294
1651466594, 1, 1641, 2641, 1613, 0, 4.20%, 0, 0, 19, 7569.12, 10800353
1651466599, 1, 1343, 2641, 1612, 0, 4.20%, 0, 0, 19, 6950.62, 10834234
1651466604, 1, 1415, 2647, 1617, 0, 4.20%, 0, 0, 19, 839.01, 10843753
1651466609, 1, 2144, 2650, 1616, 0, 4.20%, 0, 0, 19, 5321.43, 10865481
1651466614, 1, 2271, 2652, 1614, 0, 4.20%, 0, 0, 19, 6378.75, 10898505
1651466620, 1, 1909, 2653, 1614, 0, 4.20%, 0, 0, 19, 5612.54, 10928960
1651466625, 1, 1441, 2656, 1613, 0, 4.20%, 0, 0, 19, 5781.15, 10957907
1651466630, 1, 2001, 2656, 1609, 0, 4.20%, 0, 0, 19, 6678.60, 10994716
1651466635, 1, 1233, 2658, 1611, 0, 4.20%, 0, 0, 19, 6398.70, 11026076
1651466640, 1, 1644, 2659, 1611, 0, 4.20%, 0, 0, 19, 6067.44, 11057414
1651466645, 1, 1037, 2660, 1611, 0, 4.20%, 0, 0, 19, 6503.85, 11090203
1651466650, 1, 597, 2663, 1610, 0, 4.20%, 0, 0, 19, 6471.34, 11123983
1651466655, 1, 1124, 2665, 1612, 0, 4.20%, 0, 0, 19, 6742.51, 11156786
1651466661, 1, 1963, 2665, 1611, 0, 4.20%, 0, 0, 19, 7045.43, 11193337
1651466666, 1, 1944, 2665, 1610, 0, 4.20%, 0, 0, 19, 6368.49, 11225109
1651466671, 1, 2442, 2665, 1610, 0, 4.20%, 0, 0, 19, 6887.69, 11259611
1651466676, 1, 334, 2667, 1609, 0, 4.20%, 0, 0, 19, 6579.62, 11291408
1651466681, 1, 877, 2668, 1610, 0, 4.20%, 0, 0, 19, 5899.41, 11321765
1651466686, 1, 1555, 2669, 1607, 0, 4.20%, 0, 0, 19, 5799.23, 11350038
1651466691, 1, 1700, 2671, 1606, 0, 4.20%, 0, 0, 19, 5731.81, 11381565
1651466697, 1, 64, 2673, 1605, 0, 4.20%, 0, 0, 19, 6065.29, 11411714
1651466702, 1, 745, 2675, 1599, 0, 4.20%, 0, 0, 19, 6619.53, 11445694
1651466707, 1, 1984, 2675, 1597, 0, 4.20%, 0, 0, 19, 6252.43, 11476448
1651466712, 1, 2486, 2677, 1592, 0, 4.20%, 0, 0, 19, 5946.23, 11506636
1651466717, 1, 261, 2679, 1590, 0, 4.20%, 0, 0, 19, 6564.10, 11538835
1651466722, 1, 1601, 2679, 1587, 0, 4.20%, 0, 0, 19, 5097.63, 11570520
1651466727, 1, 2645, 2679, 1585, 0, 4.20%, 0, 0, 19, 336.83, 11597945
1651466732, 1, 1987, 2680, 1583, 0, 4.20%, 0, 0, 19, 4712.45, 11615609
1651466737, 1, 2383, 2681, 1577, 0, 4.21%, 0, 0, 19, 6097.58, 11648241
1651466742, 1, 2058, 2681, 1571, 0, 4.21%, 0, 0, 19, 6563.86, 11680861
1651466747, 1, 1371, 2681, 1570, 0, 4.21%, 0, 0, 19, 6854.04, 11716260
1651466752, 1, 2433, 2686, 1573, 0, 4.21%, 0, 0, 19, 5437.61, 11740619
1651466758, 1, 1299, 2688, 1572, 0, 4.21%, 0, 0, 19, 6333.68, 11774818
1651466763, 1, 1627, 2690, 1569, 0, 4.21%, 0, 0, 19, 6148.37, 11806009
1651466768, 1, 2691, 2693, 1563, 1, 4.21%, 0, 0, 19, 6754.65, 11838615
1651466773, 1, 2473, 2696, 1562, 0, 4.21%, 0, 0, 19, 6639.02, 11872651
1651466778, 1, 1578, 2701, 1561, 1, 4.21%, 0, 0, 19, 5677.15, 11898994
1651466783, 1, 1868, 2702, 1560, 1, 4.21%, 0, 0, 19, 5444.20, 11926852
1651466788, 1, 452, 2702, 1554, 1, 4.21%, 0, 0, 19, 5019.05, 11952227
1651466793, 1, 2341, 2703, 1550, 1, 4.21%, 0, 0, 19, 5371.19, 11977813
1651466798, 1, 2617, 2706, 1549, 0, 4.21%, 0, 0, 19, 6320.15, 12010164
1651466803, 1, 1297, 2710, 1551, 0, 4.21%, 0, 0, 19, 6080.35, 12040259
1651466808, 1, 1807, 2712, 1549, 0, 4.21%, 0, 0, 19, 6566.57, 12074291
1651466814, 1, 1220, 2714, 1551, 0, 4.21%, 0, 0, 19, 6183.48, 12104870
1651466819, 1, 1681, 2715, 1549, 0, 4.21%, 0, 0, 19, 6140.67, 12136827
1651466824, 1, 851, 2716, 1549, 0, 4.21%, 0, 0, 19, 5822.04, 12167663
1651466829, 1, 56, 2716, 1547, 0, 4.21%, 0, 0, 19, 5334.50, 12193754
1651466834, 1, 1260, 2716, 1546, 0, 4.21%, 0, 0, 19, 5634.13, 12223784
1651466839, 1, 1503, 2716, 1542, 0, 4.21%, 0, 0, 19, 5627.80, 12253236
1651466844, 1, 2094, 2717, 1541, 0, 4.21%, 0, 0, 19, 6447.95, 12287459
1651466849, 1, 1574, 2717, 1540, 0, 4.21%, 0, 0, 19, 6652.65, 12323621
1651466854, 1, 2464, 2718, 1537, 0, 4.21%, 0, 0, 19, 5873.53, 12351893
1651466860, 1, 1832, 2718, 1536, 0, 4.21%, 0, 0, 19, 5626.09, 12378567
1651466865, 1, 2577, 2721, 1538, 0, 4.21%, 0, 0, 19, 5889.48, 12407919
1651466870, 1, 318, 2725, 1540, 0, 4.21%, 0, 0, 19, 6346.94, 12440120
1651466875, 1, 614, 2725, 1538, 0, 4.21%, 0, 0, 19, 5383.36, 12466526
1651466880, 1, 1371, 2725, 1537, 0, 4.21%, 0, 0, 19, 5651.69, 12494437
1651466885, 1, 2221, 2728, 1538, 0, 4.21%, 0, 0, 19, 5879.79, 12525062
1651466890, 1, 1260, 2729, 1537, 0, 4.21%, 0, 0, 19, 6527.11, 12559559
1651466895, 1, 971, 2731, 1536, 0, 4.21%, 0, 0, 19, 6068.34, 12590889
1651466900, 1, 1985, 2731, 1535, 0, 4.21%, 0, 0, 19, 5518.93, 12620257
1651466905, 1, 956, 2732, 1534, 0, 4.21%, 0, 0, 19, 5787.08, 12649682
1651466911, 1, 1149, 2733, 1534, 0, 4.21%, 0, 0, 19, 6156.44, 12680682
1651466916, 1, 1253, 2734, 1532, 0, 4.21%, 0, 0, 19, 5827.77, 12708873
1651466921, 1, 2195, 2735, 1532, 0, 4.21%, 0, 0, 19, 5696.93, 12739710
1651466926, 1, 2617, 2735, 1529, 0, 4.21%, 0, 0, 19, 6151.01, 12771248
1651466931, 1, 1529, 2738, 1529, 0, 4.21%, 0, 0, 19, 6574.78, 12806328
1651466936, 1, 1987, 2739, 1529, 0, 4.21%, 0, 0, 19, 751.95, 12827326
1651466941, 1, 1112, 2739, 1529, 0, 4.21%, 0, 0, 19, 6155.18, 12857622
1651466946, 1, 564, 2739, 1523, 0, 4.21%, 0, 0, 19, 6517.76, 12890697
1651466951, 1, 2188, 2739, 1520, 0, 4.21%, 0, 0, 19, 6041.51, 12920129
1651466956, 1, 1963, 2739, 1519, 0, 4.21%, 0, 0, 19, 6521.84, 12954464
1651466962, 1, 2472, 2739, 1518, 0, 4.21%, 0, 0, 19, 5444.75, 12982540
1651466967, 1, 2617, 2741, 1513, 1, 4.21%, 0, 0, 19, 5154.78, 13008425
1651466972, 1, 2739, 2746, 1517, 1, 4.25%, 0, 0, 19, 4645.50, 13032714
1651466977, 1, 2745, 2769, 1539, 3, 4.28%, 0, 0, 19, 4435.39, 13055009
1651466982, 1, 2767, 2790, 1559, 11, 4.29%, 0, 0, 19, 4290.67, 13077184
1651466987, 1, 2767, 2802, 1571, 11, 4.30%, 0, 0, 19, 4995.51, 13103639
1651466992, 1, 2789, 2815, 1581, 8, 4.30%, 0, 0, 19, 5793.18, 13133662
1651466998, 1, 2812, 2824, 1589, 9, 4.30%, 0, 0, 19, 4974.75, 13159253
1651467003, 1, 2812, 2829, 1594, 9, 4.30%, 0, 0, 19, 4551.89, 13181587
1651467008, 1, 2806, 2835, 1596, 5, 4.30%, 0, 0, 19, 4848.92, 13205974
1651467013, 1, 2832, 2841, 1601, 5, 4.30%, 0, 0, 19, 5225.60, 13233702
1651467018, 1, 2798, 2845, 1604, 4, 4.30%, 0, 0, 19, 5508.35, 13260171
1651467023, 1, 1554, 2847, 1598, 2, 4.30%, 0, 0, 19, 5206.95, 13286463
1651467028, 1, 2847, 2851, 1598, 1, 4.30%, 0, 0, 19, 4925.51, 13310872
1651467033, 1, 1302, 2852, 1597, 0, 4.30%, 0, 0, 19, 5856.35, 13339865
1651467038, 1, 1642, 2855, 1597, 0, 4.30%, 0, 0, 19, 6391.77, 13366676
1651467043, 1, 1363, 2856, 1596, 1, 4.31%, 0, 0, 19, 6905.84, 13394472
1651467049, 1, 1299, 2861, 1597, 0, 4.31%, 0, 0, 19, 5673.08, 13421573
1651467054, 1, 2264, 2862, 1594, 0, 4.31%, 0, 0, 19, 6032.92, 13455352
1651467059, 1, 1985, 2864, 1594, 0, 4.31%, 0, 0, 19, 5879.02, 13486366
1651467064, 1, 2307, 2866, 1594, 0, 4.31%, 0, 0, 19, 5489.63, 13514588
1651467069, 1, 1987, 2867, 1594, 0, 4.31%, 0, 0, 19, 5868.67, 13543901
1651467074, 1, 2867, 2868, 1593, 1, 4.31%, 0, 0, 19, 5998.45, 13571928
1651467079, 1, 2193, 2871, 1588, 0, 4.31%, 0, 0, 19, 6014.81, 13602344
1651467084, 1, 882, 2872, 1585, 0, 4.31%, 0, 0, 19, 5776.99, 13632894
1651467089, 1, 961, 2874, 1584, 0, 4.31%, 0, 0, 19, 5667.05, 13662669
1651467094, 1, 597, 2877, 1584, 0, 4.31%, 0, 0, 19, 5223.30, 13687227
1651467100, 1, 2802, 2879, 1585, 0, 4.31%, 0, 0, 19, 4913.92, 13712037
1651467105, 1, 2562, 2879, 1583, 0, 4.31%, 0, 0, 19, 5671.91, 13744272
1651467110, 1, 1867, 2881, 1580, 0, 4.31%, 0, 0, 19, 5851.45, 13774545
1651467115, 1, 1232, 2882, 1574, 0, 4.31%, 0, 0, 19, 5561.33, 13802871
1651467120, 1, 211, 2882, 1572, 0, 4.31%, 0, 0, 19, 6135.98, 13835432
1651467125, 1, 261, 2882, 1571, 0, 4.31%, 0, 0, 19, 6075.39, 13864393
1651467130, 1, 2871, 2885, 1573, 0, 4.31%, 0, 0, 19, 6854.92, 13901423
1651467135, 1, 202, 2886, 1571, 0, 4.31%, 0, 0, 19, 6112.96, 13930636
1651467140, 1, 2573, 2888, 1571, 0, 4.31%, 0, 0, 19, 5675.74, 13957583
1651467145, 1, 238, 2888, 1563, 0, 4.31%, 0, 0, 19, 5372.28, 13985254
1651467150, 1, 2487, 2889, 1562, 0, 4.31%, 0, 0, 19, 6489.37, 14019306
1651467156, 1, 91, 2889, 1559, 0, 4.31%, 0, 0, 19, 5679.62, 14046054
1651467161, 1, 1344, 2890, 1559, 0, 4.31%, 0, 0, 19, 5249.79, 14072079
1651467166, 1, 2221, 2891, 1558, 0, 4.31%, 0, 0, 19, 6000.78, 14101934
1651467171, 1, 1124, 2892, 1559, 0, 4.31%, 0, 0, 19, 6241.57, 14132799
1651467176, 1, 1548, 2894, 1557, 0, 4.31%, 0, 0, 19, 5457.93, 14159651
1651467181, 1, 2636, 2894, 1557, 0, 4.31%, 0, 0, 19, 6498.12, 14192091
1651467186, 1, 666, 2896, 1558, 0, 4.31%, 0, 0, 19, 5472.79, 14216286
1651467191, 1, 162, 2898, 1553, 0, 4.31%, 0, 0, 19, 6412.36, 14250734
1651467196, 1, 1281, 2904, 1556, 0, 4.31%, 0, 0, 19, 4464.57, 14270386
1651467201, 1, 1985, 2904, 1554, 0, 4.31%, 0, 0, 19, 5661.24, 14302091
1651467206, 1, 2810, 2905, 1555, 0, 4.31%, 0, 0, 19, 5762.01, 14331417
1651467211, 1, 1035, 2905, 1551, 0, 4.31%, 0, 0, 19, 5303.45, 14358014
1651467216, 1, 562, 2905, 1550, 0, 4.31%, 0, 0, 19, 6321.97, 14387971
1651467222, 1, 1566, 2905, 1547, 0, 4.31%, 0, 0, 19, 5744.45, 14417337
1651467227, 1, 2017, 2906, 1543, 0, 4.31%, 0, 0, 19, 5986.57, 14448463
1651467232, 1, 961, 2906, 1542, 0, 4.31%, 0, 0, 19, 6622.45, 14483088
1651467237, 1, 1985, 2907, 1540, 0, 4.31%, 0, 0, 19, 4217.99, 14513542
1651467242, 1, 1727, 2914, 1547, 1, 4.31%, 0, 0, 19, 3007.96, 14524007
1651467247, 1, 495, 2914, 1545, 1, 4.31%, 0, 0, 19, 5007.39, 14551005
1651467252, 1, 2908, 2914, 1540, 1, 4.31%, 0, 0, 19, 5191.00, 14577557
1651467257, 1, 1682, 2914, 1537, 0, 4.31%, 0, 0, 19, 6180.58, 14606702
1651467262, 1, 1834, 2914, 1534, 0, 4.31%, 0, 0, 19, 6248.44, 14637683
1651467267, 1, 1124, 2914, 1531, 0, 4.31%, 0, 0, 19, 5524.11, 14663524
1651467273, 1, 2068, 2915, 1529, 0, 4.31%, 0, 0, 19, 6387.40, 14698383
1651467278, 1, 969, 2916, 1528, 0, 4.31%, 0, 0, 19, 6461.51, 14729474
1651467283, 1, 2832, 2916, 1526, 0, 4.31%, 0, 0, 19, 6123.27, 14759945
1651467288, 1, 1371, 2916, 1524, 0, 4.31%, 0, 0, 19, 6651.72, 14794338
1651467293, 1, 1344, 2916, 1522, 0, 4.31%, 0, 0, 19, 6666.74, 14827720
1651467298, 1, 1045, 2916, 1522, 0, 4.31%, 0, 0, 19, 4809.47, 14850410
1651467303, 1, 1514, 2918, 1518, 0, 4.31%, 0, 0, 19, 5321.42, 14877299
1651467308, 1, 2758, 2920, 1517, 0, 4.31%, 0, 0, 19, 5687.88, 14905723
1651467313, 1, 1829, 2923, 1519, 0, 4.31%, 0, 0, 19, 5868.67, 14934904
1651467318, 1, 757, 2924, 1516, 0, 4.31%, 0, 0, 19, 4694.55, 14957887
1651467323, 1, 851, 2928, 1518, 0, 4.31%, 0, 0, 19, 3949.84, 14978262
1651467329, 1, 1591, 2929, 1517, 0, 4.31%, 0, 0, 19, 5837.06, 15010408
1651467334, 1, 105, 2929, 1513, 0, 4.31%, 0, 0, 19, 6372.63, 15042795
1651467339, 1, 2930, 2935, 1516, 2, 4.32%, 0, 0, 19, 5531.83, 15070518
1651467344, 1, 2481, 2935, 1514, 2, 4.32%, 0, 0, 19, 5536.95, 15097281
1651467349, 1, 951, 2935, 1509, 0, 4.32%, 0, 0, 19, 5667.73, 15124387
1651467354, 1, 1484, 2935, 1508, 0, 4.32%, 0, 0, 19, 6127.15, 15155648
1651467359, 1, 1829, 2939, 1502, 0, 4.32%, 0, 0, 19, 6494.74, 15188867
1651467364, 1, 988, 2939, 1501, 0, 4.32%, 0, 0, 19, 5897.07, 15219300
1651467369, 1, 1556, 2940, 1499, 0, 4.32%, 0, 0, 19, 6874.84, 15248282
1651467374, 1, 2664, 2941, 1497, 0, 4.32%, 0, 0, 19, 5835.89, 15276680
1651467380, 1, 2104, 2941, 1495, 0, 4.32%, 0, 0, 19, 5528.69, 15305021
1651467385, 1, 1264, 2941, 1495, 0, 4.32%, 0, 0, 19, 5286.64, 15332681
1651467390, 1, 159, 2941, 1493, 0, 4.32%, 0, 0, 19, 5761.84, 15361052
1651467395, 1, 1895, 2942, 1492, 0, 4.32%, 0, 0, 19, 5921.90, 15391806
1651467400, 1, 2758, 2942, 1491, 0, 4.32%, 0, 0, 19, 3479.86, 15416018
1651467405, 1, 2942, 2945, 1492, 1, 4.33%, 0, 0, 19, 6397.15, 15451909
1651467410, 1, 2947, 2954, 1497, 3, 4.38%, 0, 0, 20, 7149.86, 15488791
1651467415, 1, 2961, 2965, 1507, 11, 4.41%, 0, 0, 21, 7460.55, 15526890
1651467420, 1, 2949, 2974, 1512, 10, 4.41%, 1, 0, 21, 6476.50, 15557632
1651467425, 1, 2943, 2978, 1509, 4, 4.42%, 1, 0, 22, 7080.13, 15594063
1651467430, 1, 618, 2979, 1506, 2, 4.42%, 1, 0, 22, 3401.37, 15623724
1651467435, 1, 2975, 2986, 1510, 1, 4.44%, 9, 0, 23, 5257.18, 15653345
1651467440, 1, 2975, 2986, 1510, 1, 4.44%, 13, 0, 23, 4774.02, 15676615
1651467445, 1, 2987, 2993, 1516, 7, 4.46%, 19, 0, 24, 4470.19, 15698893
1651467451, 1, 2993, 2995, 1517, 12, 4.46%, 19, 0, 25, 4436.52, 15721868
1651467456, 1, 2989, 2998, 1516, 8, 4.46%, 20, 0, 25, 4206.02, 15743825
1651467461, 1, 2997, 2999, 1512, 6, 4.47%, 21, 0, 26, 4855.12, 15769463
1651467466, 1, 3000, 3002, 1510, 5, 4.47%, 23, 0, 26, 5485.78, 15796202
1651467471, 1, 1704, 3005, 1507, 2, 4.47%, 23, 0, 26, 5385.60, 15822216
1651467476, 1, 1893, 3005, 1503, 0, 4.47%, 23, 0, 26, 5840.10, 15852777
1651467481, 1, 630, 3005, 1501, 0, 4.47%, 23, 0, 26, 5458.92, 15879106
1651467486, 1, 1528, 3005, 1498, 0, 4.47%, 23, 0, 26, 6457.76, 15912808
1651467491, 1, 2908, 3007, 1497, 0, 4.47%, 23, 0, 26, 4891.80, 15933586
1651467497, 1, 2617, 3009, 1495, 1, 4.49%, 23, 0, 26, 5755.93, 15960738
1651467502, 1, 2234, 3010, 1493, 0, 4.49%, 23, 0, 26, 5469.85, 15989400
1651467507, 1, 1910, 3012, 1492, 0, 4.49%, 23, 0, 26, 6099.45, 16020522
1651467512, 1, 1562, 3012, 1488, 0, 4.49%, 23, 0, 26, 6562.73, 16054269
1651467517, 1, 2964, 3012, 1486, 0, 4.49%, 23, 0, 26, 7143.75, 16092416
1651467522, 1, 2970, 3012, 1486, 0, 4.49%, 23, 0, 26, 7319.68, 16129464
1651467527, 1, 776, 3013, 1486, 0, 4.49%, 23, 0, 26, 6735.58, 16162217
1651467532, 1, 1758, 3013, 1485, 0, 4.49%, 23, 0, 26, 6824.42, 16197680
1651467537, 1, 1516, 3013, 1484, 0, 4.49%, 23, 0, 26, 5803.76, 16225006
1651467542, 1, 2996, 3013, 1484, 0, 4.49%, 23, 0, 26, 5211.89, 16251132
1651467547, 1, 2115, 3014, 1483, 0, 4.49%, 23, 0, 26, 6055.54, 16281504
1651467553, 1, 2274, 3014, 1480, 0, 4.49%, 23, 0, 26, 6410.81, 16314987
1651467558, 1, 1541, 3014, 1477, 0, 4.49%, 23, 0, 26, 6379.97, 16347146
1651467563, 1, 2221, 3016, 1476, 1, 4.49%, 23, 0, 26, 6883.79, 16380859
1651467568, 1, 619, 3016, 1475, 1, 4.49%, 23, 0, 26, 7250.87, 16411948
1651467573, 1, 1641, 3016, 1472, 0, 4.49%, 23, 0, 26, 6509.09, 16443142
1651467578, 1, 2967, 3019, 1474, 0, 4.49%, 23, 0, 26, 5829.66, 16470892
1651467583, 1, 2190, 3025, 1479, 0, 4.49%, 23, 0, 26, 6599.32, 16505738
1651467588, 1, 2835, 3026, 1478, 0, 4.49%, 23, 0, 26, 5321.43, 16533997
1651467593, 1, 2833, 3028, 1479, 2, 4.50%, 23, 0, 26, 4651.52, 16555636
1651467598, 1, 1379, 3031, 1478, 0, 4.50%, 23, 0, 26, 5535.60, 16583403
1651467604, 1, 1292, 3031, 1477, 0, 4.50%, 23, 0, 26, 5817.62, 16611586
1651467609, 1, 2946, 3031, 1477, 0, 4.50%, 23, 0, 26, 6214.61, 16641396
1651467614, 1, 3008, 3039, 1485, 0, 4.52%, 23, 0, 26, 6473.11, 16674567
1651467619, 1, 3037, 3047, 1491, 1, 4.52%, 23, 0, 26, 6329.68, 16707448
1651467624, 1, 1931, 3049, 1490, 1, 4.52%, 23, 0, 26, 5942.77, 16738199
1651467629, 1, 1984, 3051, 1489, 2, 4.52%, 23, 0, 26, 5447.85, 16765826
1651467634, 1, 2221, 3056, 1491, 1, 4.52%, 23, 0, 26, 5743.19, 16793563
1651467639, 1, 1629, 3062, 1494, 0, 4.52%, 23, 0, 26, 5404.99, 16819934
1651467644, 1, 1980, 3062, 1493, 0, 4.52%, 23, 0, 26, 5800.78, 16850384
1651467649, 1, 1877, 3062, 1490, 0, 4.52%, 23, 0, 26, 6405.95, 16883215
1651467655, 1, 1764, 3063, 1489, 0, 4.52%, 23, 0, 26, 5600.93, 16912765
1651467660, 1, 2059, 3064, 1487, 0, 4.52%, 23, 0, 26, 5549.26, 16940482
1651467665, 1, 1809, 3066, 1488, 0, 4.52%, 23, 0, 26, 5300.09, 16965523
1651467670, 1, 2274, 3066, 1486, 0, 4.52%, 23, 0, 26, 5737.38, 16994556
1651467675, 1, 167, 3067, 1484, 0, 4.52%, 23, 0, 26, 5436.83, 17021357
1651467680, 1, 1255, 3068, 1483, 0, 4.52%, 23, 0, 26, 6015.46, 17053603
1651467685, 1, 3017, 3069, 1481, 0, 4.52%, 23, 0, 26, 5912.45, 17084461
1651467690, 1, 1300, 3072, 1482, 0, 4.52%, 23, 0, 26, 3235.00, 17103232
1651467696, 1, 2345, 3076, 1484, 0, 4.52%, 23, 0, 26, 6061.08, 17137845
1651467701, 1, 1828, 3077, 1485, 0, 4.52%, 23, 0, 26, 6384.88, 17171465
1651467706, 1, 2982, 3077, 1484, 0, 4.52%, 23, 0, 26, 6259.91, 17204469
1651467711, 1, 1299, 3077, 1481, 0, 4.52%, 23, 0, 26, 5876.06, 17234776
1651467716, 1, 2760, 3078, 1479, 0, 4.52%, 23, 0, 26, 6161.55, 17266595
1651467721, 1, 2034, 3078, 1477, 0, 4.52%, 23, 0, 26, 5267.88, 17293538
1651467726, 1, 2832, 3080, 1475, 0, 4.52%, 23, 0, 26, 5721.82, 17323721
1651467731, 1, 207, 3080, 1474, 0, 4.52%, 23, 0, 26, 5630.11, 17351472
1651467736, 1, 76, 3080, 1473, 0, 4.52%, 23, 0, 26, 7388.42, 17383200
1651467738, 1, 988, 3080, 1473, 0, 0.00%, 23, 0, 26, 0.00, 17390749
