# unix_time, cycles_done, cur_path, paths_total, pending_total, pending_favs, map_size, unique_crashes, unique_hangs, max_depth, execs_per_sec
1651467808, 0, 11, 44, 35, 0, 20.00%, 0, 0, 3, 8005.64, 40727
1651467813, 1, 24, 47, 31, 0, 20.00%, 0, 0, 4, 8032.78, 81673
1651467818, 2, 2, 48, 22, 0, 20.00%, 0, 0, 4, 8021.51, 122678
1651467823, 3, 43, 48, 16, 0, 20.00%, 0, 0, 4, 7988.78, 163721
1651467829, 3, 49, 51, 15, 0, 21.25%, 3, 0, 4, 7944.61, 204340
1651467834, 4, 2, 55, 17, 0, 21.25%, 5, 0, 4, 7948.71, 245298
1651467839, 5, 20, 55, 13, 0, 21.25%, 6, 0, 4, 7940.81, 286248
1651467844, 6, 7, 55, 7, 0, 21.25%, 6, 0, 4, 7907.32, 326733
1651467849, 6, 22, 55, 6, 0, 21.25%, 6, 0, 4, 7824.11, 367072
1651467854, 6, 10, 55, 4, 0, 21.25%, 6, 0, 4, 7827.70, 407151
1651467860, 6, 28, 55, 4, 0, 21.25%, 6, 0, 4, 7812.02, 447733
1651467865, 6, 0, 55, 3, 0, 21.25%, 6, 0, 4, 7816.54, 487949
1651467870, 7, 2, 57, 5, 0, 21.25%, 6, 0, 4, 7829.84, 528645
1651467875, 7, 49, 59, 7, 0, 21.25%, 6, 0, 4, 7726.47, 568399
1651467880, 7, 24, 59, 7, 0, 21.25%, 6, 0, 4, 7667.37, 608176
1651467885, 7, 7, 59, 7, 0, 21.25%, 7, 0, 4, 7657.25, 647982
1651467891, 7, 7, 59, 7, 0, 21.25%, 7, 0, 4, 7641.60, 687636
1651467896, 7, 58, 60, 6, 0, 21.25%, 7, 0, 5, 7173.27, 723553
1651467901, 7, 49, 60, 6, 0, 21.25%, 7, 0, 5, 7279.93, 759899
1651467906, 8, 39, 60, 6, 0, 21.25%, 7, 0, 5, 7558.79, 798956
1651467911, 8, 20, 61, 6, 0, 21.25%, 7, 0, 5, 7596.39, 837902
1651467916, 8, 47, 61, 6, 0, 21.25%, 7, 0, 5, 7559.02, 877274
1651467921, 8, 7, 61, 4, 0, 21.25%, 7, 0, 5, 7515.57, 916336
1651467926, 8, 60, 61, 3, 0, 21.25%, 7, 0, 5, 7218.66, 952511
1651467932, 8, 33, 61, 3, 0, 21.25%, 7, 0, 5, 7399.40, 991132
1651467937, 9, 7, 61, 3, 0, 21.25%, 7, 0, 5, 7580.74, 1030419
1651467942, 9, 15, 61, 2, 0, 21.25%, 7, 0, 5, 7580.47, 1069524
1651467947, 9, 10, 61, 2, 0, 21.25%, 7, 0, 5, 7590.46, 1108786
1651467952, 9, 56, 61, 2, 0, 21.25%, 7, 0, 5, 7509.92, 1147346
1651467957, 10, 49, 61, 2, 0, 21.25%, 7, 0, 5, 7518.12, 1185978
1651467963, 10, 49, 61, 2, 0, 21.25%, 8, 0, 5, 7501.59, 1224575
1651467968, 10, 14, 61, 2, 0, 21.25%, 8, 0, 5, 7408.38, 1262524
1651467973, 10, 14, 61, 2, 0, 21.25%, 8, 0, 5, 7196.19, 1299683
1651467978, 10, 11, 61, 2, 0, 21.25%, 9, 0, 5, 7468.98, 1338460
1651467983, 11, 15, 61, 2, 0, 21.25%, 9, 0, 5, 7515.03, 1377220
1651467988, 11, 18, 61, 2, 0, 21.25%, 9, 0, 5, 7510.83, 1415868
1651467993, 11, 7, 61, 2, 0, 21.25%, 9, 0, 5, 7475.65, 1454545
1651467999, 11, 47, 61, 2, 0, 21.25%, 9, 0, 5, 7328.51, 1492365
1651468004, 11, 10, 61, 2, 0, 21.25%, 9, 0, 5, 7462.67, 1530763
1651468009, 12, 49, 61, 2, 0, 21.25%, 9, 0, 5, 7462.66, 1569039
1651468014, 12, 26, 61, 2, 0, 21.25%, 9, 0, 5, 7408.44, 1607283
1651468019, 12, 39, 61, 2, 0, 21.25%, 9, 0, 5, 7342.65, 1643956
1651468024, 12, 49, 61, 2, 0, 21.25%, 9, 0, 5, 7395.97, 1682238
1651468029, 13, 14, 61, 2, 0, 21.25%, 9, 0, 5, 7260.25, 1719183
1651468035, 13, 9, 61, 2, 0, 21.25%, 9, 0, 5, 7369.38, 1757496
1651468040, 13, 60, 61, 2, 0, 21.25%, 9, 0, 5, 7268.67, 1794881
1651468045, 13, 49, 61, 2, 0, 21.25%, 9, 0, 5, 7469.32, 1833195
1651468050, 13, 0, 61, 2, 0, 21.25%, 9, 0, 5, 7388.29, 1871115
1651468055, 14, 60, 61, 2, 0, 21.25%, 9, 0, 5, 7349.50, 1908893
1651468060, 14, 2, 61, 2, 0, 21.25%, 9, 0, 5, 7605.66, 1948028
1651468066, 14, 11, 61, 2, 0, 21.25%, 9, 0, 5, 7726.39, 1988004
1651468071, 14, 60, 61, 2, 0, 21.25%, 9, 0, 5, 7624.53, 2027701
1651468076, 14, 18, 61, 2, 0, 21.25%, 9, 0, 5, 7621.39, 2066680
1651468081, 15, 0, 61, 2, 0, 21.25%, 9, 0, 5, 7737.53, 2106763
1651468086, 15, 11, 61, 2, 0, 21.25%, 9, 0, 5, 7648.03, 2146020
1651468091, 15, 10, 61, 2, 0, 21.25%, 9, 0, 5, 7678.56, 2185767
1651468097, 15, 2, 61, 2, 0, 21.25%, 9, 0, 5, 7738.87, 2225723
1651468102, 16, 2, 61, 2, 0, 21.25%, 9, 0, 5, 7655.86, 2265330
1651468107, 16, 52, 61, 2, 0, 21.25%, 9, 0, 5, 7700.87, 2305209
1651468112, 16, 60, 61, 2, 0, 21.25%, 9, 0, 5, 7582.16, 2344316
1651468117, 16, 60, 61, 2, 0, 21.25%, 9, 0, 5, 7194.21, 2381676
1651468122, 16, 49, 61, 2, 0, 21.25%, 9, 0, 5, 7598.43, 2421456
1651468127, 17, 7, 61, 2, 0, 21.25%, 9, 0, 5, 7725.42, 2461197
1651468133, 17, 49, 61, 2, 0, 21.25%, 9, 0, 5, 7682.28, 2500584
1651468138, 17, 2, 61, 2, 0, 21.25%, 9, 0, 5, 7665.65, 2539919
1651468143, 17, 60, 61, 2, 0, 21.25%, 9, 0, 5, 7349.73, 2576543
1651468148, 18, 2, 61, 2, 0, 21.25%, 9, 0, 5, 7608.81, 2615590
1651468153, 18, 60, 61, 2, 0, 21.25%, 9, 0, 5, 7526.96, 2654893
1651468158, 18, 11, 61, 2, 0, 21.25%, 9, 0, 5, 7684.14, 2694464
1651468163, 18, 60, 61, 2, 0, 21.25%, 10, 0, 5, 7349.48, 2732050
1651468168, 18, 2, 61, 2, 0, 21.25%, 10, 0, 5, 7537.76, 2771000
1651468174, 19, 38, 61, 2, 0, 21.25%, 10, 0, 5, 7715.24, 2810776
1651468179, 19, 53, 61, 2, 0, 21.25%, 10, 0, 5, 7784.77, 2850666
1651468184, 19, 44, 61, 2, 0, 21.25%, 10, 0, 5, 7789.41, 2890599
1651468189, 19, 43, 61, 2, 0, 21.25%, 10, 0, 5, 7720.18, 2930403
1651468194, 19, 49, 61, 2, 0, 21.25%, 10, 0, 5, 7489.74, 2969094
1651468199, 20, 23, 61, 2, 0, 21.25%, 10, 0, 5, 7708.43, 3009080
1651468204, 20, 49, 61, 2, 0, 21.25%, 10, 0, 5, 7710.85, 3048443
1651468210, 20, 51, 61, 1, 0, 21.25%, 10, 0, 5, 7639.31, 3087145
1651468215, 20, 53, 61, 1, 0, 21.25%, 10, 0, 5, 7700.34, 3126910
1651468220, 20, 30, 61, 1, 0, 21.25%, 10, 0, 5, 7721.90, 3166412
1651468225, 21, 0, 61, 0, 0, 21.25%, 10, 0, 5, 7529.61, 3205170
1651468230, 21, 58, 61, 0, 0, 21.25%, 10, 0, 5, 7515.73, 3244325
1651468235, 21, 49, 61, 0, 0, 21.25%, 10, 0, 5, 7492.12, 3281309
1651468240, 21, 2, 61, 0, 0, 21.25%, 10, 0, 5, 7687.00, 3321061
1651468245, 21, 60, 61, 0, 0, 21.25%, 10, 0, 5, 7523.02, 3360002
1651468251, 21, 49, 61, 0, 0, 21.25%, 10, 0, 5, 7642.31, 3398891
1651468256, 22, 42, 61, 0, 0, 21.25%, 10, 0, 5, 7602.92, 3437812
1651468261, 22, 49, 61, 0, 0, 21.25%, 10, 0, 5, 7714.36, 3477665
1651468266, 22, 57, 61, 0, 0, 21.25%, 10, 0, 5, 7501.87, 3516148
1651468271, 22, 49, 61, 0, 0, 21.25%, 10, 0, 5, 7575.94, 3555043
1651468276, 22, 60, 61, 0, 0, 21.25%, 10, 0, 5, 7438.85, 3593618
1651468281, 22, 49, 61, 0, 0, 21.25%, 10, 0, 5, 7564.66, 3632538
1651468287, 23, 7, 61, 0, 0, 21.25%, 10, 0, 5, 7657.68, 3671811
1651468292, 23, 7, 61, 0, 0, 21.25%, 10, 0, 5, 7666.46, 3711149
1651468297, 23, 47, 61, 0, 0, 21.25%, 10, 0, 5, 7670.55, 3750881
1651468302, 23, 49, 61, 0, 0, 21.25%, 10, 0, 5, 7708.20, 3790538
1651468307, 23, 49, 61, 0, 0, 21.25%, 10, 0, 5, 7589.57, 3828388
1651468312, 24, 10, 61, 0, 0, 21.25%, 10, 0, 5, 7774.44, 3868496
1651468317, 24, 44, 61, 0, 0, 21.25%, 10, 0, 5, 7748.99, 3908586
1651468322, 24, 49, 61, 0, 0, 21.25%, 10, 0, 5, 7750.58, 3948235
1651468328, 24, 49, 61, 0, 0, 21.25%, 10, 0, 5, 7566.70, 3987197
1651468333, 24, 60, 61, 0, 0, 21.25%, 10, 0, 5, 7421.28, 4025691
1651468338, 25, 59, 61, 0, 0, 21.25%, 10, 0, 5, 7460.49, 4064501
1651468343, 25, 0, 61, 0, 0, 21.25%, 10, 0, 5, 7614.82, 4103186
1651468348, 25, 11, 61, 0, 0, 21.25%, 10, 0, 5, 7430.45, 4142020
1651468353, 25, 11, 61, 0, 0, 21.25%, 10, 0, 5, 7697.32, 4182105
1651468359, 25, 10, 61, 0, 0, 21.25%, 10, 0, 5, 7768.21, 4222258
1651468364, 26, 24, 61, 0, 0, 21.25%, 10, 0, 5, 7719.18, 4261731
1651468369, 26, 41, 61, 0, 0, 21.25%, 10, 0, 5, 7775.44, 4301548
1651468374, 26, 49, 61, 0, 0, 21.25%, 10, 0, 5, 7762.08, 4341248
1651468379, 26, 60, 61, 0, 0, 21.25%, 10, 0, 5, 7439.91, 4379705
1651468384, 26, 9, 61, 0, 0, 21.25%, 10, 0, 5, 7440.71, 4417632
1651468389, 26, 7, 61, 0, 0, 21.25%, 10, 0, 5, 7471.47, 4456478
1651468395, 27, 24, 61, 0, 0, 21.25%, 10, 0, 5, 7715.15, 4496307
1651468400, 27, 43, 61, 0, 0, 21.25%, 10, 0, 5, 7461.39, 4534334
1651468405, 27, 60, 66, 5, 0, 21.25%, 10, 0, 5, 6836.19, 4570615
1651468410, 27, 63, 69, 8, 0, 21.25%, 10, 0, 5, 6512.25, 4602308
1651468415, 27, 2, 73, 12, 0, 21.25%, 10, 0, 5, 6694.72, 4636919
1651468420, 27, 4, 74, 13, 0, 21.25%, 10, 0, 5, 6874.99, 4672465
1651468425, 27, 71, 74, 11, 0, 21.25%, 10, 0, 5, 6624.58, 4706454
1651468431, 27, 68, 74, 11, 0, 21.25%, 10, 0, 5, 6109.88, 4737562
1651468436, 27, 68, 74, 10, 0, 21.25%, 10, 0, 5, 6463.19, 4770449
1651468441, 28, 65, 75, 10, 0, 21.25%, 10, 0, 5, 5251.25, 4798340
1651468446, 28, 14, 75, 10, 0, 21.25%, 10, 0, 5, 6065.64, 4830088
1651468451, 28, 2, 75, 10, 0, 21.25%, 10, 0, 5, 6526.83, 4864071
1651468456, 28, 74, 76, 11, 0, 21.25%, 10, 0, 5, 5732.65, 4891768
1651468461, 28, 66, 76, 10, 0, 21.25%, 10, 0, 5, 5937.05, 4923124
1651468466, 28, 10, 76, 10, 0, 21.25%, 10, 0, 5, 6403.23, 4956546
1651468472, 28, 62, 76, 10, 0, 21.25%, 10, 0, 5, 6181.94, 4989133
1651468477, 28, 28, 76, 9, 0, 21.25%, 10, 0, 5, 6130.63, 5019970
1651468482, 28, 73, 76, 8, 0, 21.25%, 10, 0, 5, 5612.57, 5045894
1651468487, 28, 75, 76, 7, 0, 21.25%, 10, 0, 5, 5193.32, 5072256
1651468492, 28, 7, 76, 6, 0, 21.25%, 10, 0, 5, 5474.69, 5100508
1651468497, 29, 10, 76, 6, 0, 21.25%, 10, 0, 5, 6316.14, 5134241
1651468502, 29, 20, 76, 6, 0, 21.25%, 10, 0, 5, 6361.55, 5166281
1651468507, 29, 11, 76, 5, 0, 21.25%, 10, 0, 5, 6366.97, 5197476
1651468512, 29, 75, 77, 6, 0, 21.25%, 10, 0, 6, 4786.11, 5220710
1651468517, 29, 72, 77, 6, 0, 21.25%, 10, 0, 6, 5658.25, 5251263
1651468522, 29, 58, 77, 6, 0, 21.25%, 10, 0, 6, 6237.05, 5283904
1651468528, 29, 75, 77, 5, 0, 21.25%, 10, 0, 6, 5633.64, 5313140
1651468533, 29, 14, 77, 5, 0, 21.25%, 10, 0, 6, 6335.30, 5346236
1651468538, 30, 14, 77, 5, 0, 21.25%, 10, 0, 6, 6414.05, 5378927
1651468543, 30, 69, 77, 5, 0, 21.25%, 10, 0, 6, 6065.17, 5410566
1651468548, 30, 72, 77, 5, 0, 21.25%, 10, 0, 6, 5863.34, 5438222
1651468553, 30, 49, 77, 4, 0, 21.25%, 10, 0, 6, 5403.38, 5461834
1651468558, 30, 76, 77, 4, 0, 21.25%, 10, 0, 6, 4832.48, 5487881
1651468564, 30, 74, 77, 4, 0, 21.25%, 10, 0, 6, 5307.42, 5512903
1651468569, 30, 63, 77, 4, 0, 21.25%, 10, 0, 6, 5993.75, 5545199
1651468574, 31, 73, 77, 3, 0, 21.25%, 10, 0, 6, 5925.59, 5576294
1651468579, 31, 49, 77, 3, 0, 21.25%, 10, 0, 6, 6254.38, 5608446
1651468584, 31, 69, 77, 2, 0, 21.25%, 10, 0, 6, 4794.50, 5632079
1651468589, 31, 50, 77, 2, 0, 21.25%, 10, 0, 6, 6187.96, 5665763
1651468595, 31, 49, 77, 1, 0, 21.25%, 10, 0, 6, 5631.70, 5690771
1651468600, 31, 10, 77, 1, 0, 21.25%, 10, 0, 6, 6236.97, 5723368
1651468605, 31, 11, 77, 1, 0, 21.25%, 10, 0, 6, 6206.12, 5755295
1651468610, 32, 47, 77, 1, 0, 21.25%, 10, 0, 6, 6284.91, 5788039
1651468615, 32, 45, 77, 1, 0, 21.25%, 10, 0, 6, 6344.42, 5820750
1651468620, 32, 73, 77, 1, 0, 21.25%, 10, 0, 6, 6291.34, 5853170
1651468625, 32, 76, 77, 1, 0, 21.25%, 10, 0, 6, 5235.95, 5880808
1651468630, 32, 0, 77, 1, 0, 21.25%, 10, 0, 6, 5867.25, 5908752
1651468636, 33, 63, 77, 1, 0, 21.25%, 10, 0, 6, 6038.38, 5940776
1651468641, 33, 65, 77, 1, 0, 21.25%, 10, 0, 6, 5967.90, 5972672
1651468646, 33, 76, 77, 1, 0, 21.25%, 10, 0, 6, 4830.86, 5999212
1651468651, 33, 2, 77, 1, 0, 21.25%, 10, 0, 6, 5899.50, 6029747
1651468656, 33, 54, 77, 1, 0, 21.25%, 10, 0, 6, 5650.98, 6054802
1651468661, 33, 11, 77, 1, 0, 21.25%, 10, 0, 6, 6336.81, 6088126
1651468666, 34, 14, 77, 1, 0, 21.25%, 10, 0, 6, 6127.61, 6119979
1651468672, 34, 64, 77, 1, 0, 21.25%, 10, 0, 6, 6270.80, 6152372
1651468677, 34, 55, 77, 1, 0, 21.25%, 10, 0, 6, 6283.19, 6185276
1651468682, 34, 0, 77, 1, 0, 21.25%, 10, 0, 6, 6155.40, 6216785
1651468687, 34, 61, 77, 1, 0, 21.25%, 10, 0, 6, 6122.91, 6248986
1651468692, 35, 14, 77, 1, 0, 21.25%, 10, 0, 6, 5713.93, 6273480
1651468697, 35, 11, 77, 1, 0, 21.25%, 10, 0, 6, 6197.30, 6305637
1651468702, 35, 76, 77, 1, 0, 21.25%, 10, 0, 6, 5352.94, 6333188
1651468707, 35, 10, 77, 1, 0, 21.25%, 10, 0, 6, 4650.75, 6353153
1651468713, 35, 1, 77, 1, 0, 21.25%, 10, 0, 6, 5786.59, 6384793
1651468718, 35, 74, 77, 1, 0, 21.25%, 10, 0, 6, 5532.63, 6412479
1651468723, 35, 74, 77, 0, 0, 21.25%, 10, 0, 6, 5490.60, 6438854
1651468728, 35, 74, 77, 0, 0, 21.25%, 10, 0, 6, 5679.47, 6469376
1651468733, 35, 11, 77, 0, 0, 21.25%, 10, 0, 6, 5715.01, 6499639
1651468738, 36, 75, 77, 0, 0, 21.25%, 10, 0, 6, 5625.34, 6529856
1651468743, 36, 72, 78, 1, 0, 21.25%, 10, 0, 6, 6023.31, 6561149
1651468748, 36, 73, 78, 1, 0, 21.25%, 10, 0, 6, 6094.67, 6592888
1651468754, 36, 2, 78, 1, 0, 21.25%, 10, 0, 6, 6114.03, 6623686
1651468759, 36, 74, 78, 1, 0, 21.25%, 10, 0, 6, 5987.41, 6653906
1651468764, 36, 7, 78, 1, 0, 21.25%, 10, 0, 6, 6111.31, 6685010
1651468769, 37, 22, 78, 1, 0, 21.25%, 10, 0, 6, 6232.02, 6717347
1651468774, 37, 42, 78, 1, 0, 21.25%, 10, 0, 6, 5967.52, 6748778
1651468779, 37, 11, 78, 1, 0, 21.25%, 10, 0, 6, 6144.14, 6780285
1651468784, 37, 74, 78, 1, 0, 21.25%, 10, 0, 6, 5965.73, 6810111
1651468790, 37, 64, 78, 1, 0, 21.25%, 10, 0, 6, 5964.12, 6840941
1651468795, 37, 77, 78, 1, 0, 21.25%, 10, 0, 6, 4035.11, 6861265
1651468800, 37, 32, 78, 1, 0, 21.25%, 10, 0, 6, 5156.98, 6885228
1651468805, 38, 0, 78, 1, 0, 21.25%, 10, 0, 6, 5948.37, 6916565
1651468810, 38, 7, 78, 1, 0, 21.25%, 10, 0, 6, 5776.85, 6946310
1651468815, 38, 58, 78, 1, 0, 21.25%, 10, 0, 6, 6263.60, 6978427
1651468820, 38, 49, 78, 1, 0, 21.25%, 10, 0, 6, 5807.00, 7007116
1651468825, 38, 14, 78, 1, 0, 21.25%, 10, 0, 6, 6112.34, 7038809
1651468830, 38, 75, 78, 1, 0, 21.25%, 10, 0, 6, 5793.53, 7067898
1651468835, 39, 54, 78, 1, 0, 21.25%, 10, 0, 6, 6076.55, 7098784
1651468840, 39, 49, 78, 1, 0, 21.25%, 10, 0, 6, 5933.88, 7129152
1651468846, 39, 49, 78, 1, 0, 21.25%, 10, 0, 6, 6171.28, 7160638
1651468851, 39, 73, 78, 1, 0, 21.25%, 10, 0, 6, 5665.57, 7188867
1651468856, 39, 4, 78, 1, 0, 21.25%, 10, 0, 6, 5399.73, 7215671
1651468861, 39, 0, 78, 1, 0, 21.25%, 10, 0, 6, 6076.64, 7247186
1651468866, 39, 63, 78, 1, 0, 21.25%, 10, 0, 6, 6073.17, 7271165
1651468871, 40, 77, 78, 1, 0, 21.25%, 10, 0, 6, 1090.54, 7293990
1651468876, 40, 70, 78, 1, 0, 21.25%, 10, 0, 6, 4470.99, 7322063
1651468881, 40, 14, 78, 1, 0, 21.25%, 10, 0, 6, 5767.32, 7353391
1651468887, 40, 72, 78, 1, 0, 21.25%, 10, 0, 6, 5886.38, 7383807
1651468892, 40, 0, 78, 1, 0, 21.25%, 10, 0, 6, 6122.48, 7415865
1651468897, 40, 45, 78, 1, 0, 21.25%, 10, 0, 6, 5736.69, 7445224
1651468902, 41, 49, 78, 1, 0, 21.25%, 10, 0, 6, 5754.11, 7472894
1651468907, 41, 2, 78, 1, 0, 21.25%, 10, 0, 6, 5868.21, 7502408
1651468912, 41, 38, 78, 1, 0, 21.25%, 10, 0, 6, 5933.70, 7532950
1651468917, 41, 20, 78, 1, 0, 21.25%, 10, 0, 6, 6196.04, 7565207
1651468922, 41, 74, 78, 1, 0, 21.25%, 10, 0, 6, 3230.58, 7586945
1651468928, 41, 73, 78, 0, 0, 21.25%, 10, 0, 6, 4394.40, 7611006
1651468933, 41, 10, 78, 0, 0, 21.25%, 10, 0, 6, 5749.35, 7642020
1651468938, 42, 76, 78, 0, 0, 21.25%, 10, 0, 6, 5561.85, 7671903
1651468943, 42, 7, 78, 0, 0, 21.25%, 10, 0, 6, 5436.42, 7696991
1651468948, 42, 11, 78, 0, 0, 21.25%, 10, 0, 6, 5900.24, 7727917
1651468953, 42, 49, 78, 0, 0, 21.25%, 10, 0, 6, 5950.92, 7758623
1651468958, 42, 49, 78, 0, 0, 21.25%, 10, 0, 6, 5890.79, 7789204
1651468963, 42, 7, 78, 0, 0, 21.25%, 10, 0, 6, 6506.63, 7812326
1651468969, 42, 11, 78, 0, 0, 21.25%, 10, 0, 6, 5846.32, 7841373
1651468974, 43, 11, 78, 0, 0, 21.25%, 10, 0, 6, 5314.91, 7865413
1651468979, 43, 2, 78, 0, 0, 21.25%, 10, 0, 6, 5937.01, 7896669
1651468984, 43, 10, 78, 0, 0, 21.25%, 10, 0, 6, 6155.03, 7928543
1651468989, 43, 10, 78, 0, 0, 21.25%, 10, 0, 6, 6205.20, 7960675
1651468994, 43, 30, 78, 0, 0, 21.25%, 10, 0, 6, 5274.56, 7987310
1651468999, 43, 2, 78, 0, 0, 21.25%, 10, 0, 6, 5908.87, 8018625
1651469004, 44, 73, 78, 0, 0, 21.25%, 10, 0, 6, 5838.28, 8048154
1651469009, 44, 77, 78, 0, 0, 21.25%, 10, 0, 6, 5541.39, 8076172
1651469014, 44, 49, 78, 0, 0, 21.25%, 10, 0, 6, 4695.32, 8101196
1651469019, 44, 72, 78, 0, 0, 21.25%, 10, 0, 6, 5423.41, 8129385
1651469025, 44, 49, 78, 0, 0, 21.25%, 10, 0, 6, 5761.67, 8158999
1651469030, 44, 11, 78, 0, 0, 21.25%, 10, 0, 6, 6158.26, 8190952
1651469035, 44, 14, 78, 0, 0, 21.25%, 10, 0, 6, 6175.52, 8222660
1651469040, 45, 7, 78, 0, 0, 21.25%, 10, 0, 6, 5814.86, 8251738
1651469045, 45, 77, 78, 0, 0, 21.25%, 10, 0, 6, 1143.06, 8276227
1651469050, 45, 11, 78, 0, 0, 21.25%, 10, 0, 6, 4996.43, 8306604
1651469055, 45, 73, 78, 0, 0, 21.25%, 10, 0, 6, 5739.64, 8337708
1651469060, 45, 31, 78, 0, 0, 21.25%, 10, 0, 6, 5735.34, 8368278
1651469066, 45, 7, 78, 0, 0, 21.25%, 10, 0, 6, 5989.15, 8399233
1651469071, 46, 49, 78, 0, 0, 21.25%, 10, 0, 6, 6165.01, 8431048
1651469076, 46, 2, 78, 0, 0, 21.25%, 10, 0, 6, 6118.17, 8462256
1651469081, 46, 7, 78, 0, 0, 21.25%, 10, 0, 6, 6144.04, 8494128
1651469086, 46, 49, 78, 0, 0, 21.25%, 10, 0, 6, 6259.81, 8526235
1651469091, 46, 47, 78, 0, 0, 21.25%, 10, 0, 6, 6182.35, 8557921
1651469096, 47, 76, 78, 0, 0, 21.25%, 10, 0, 6, 5562.66, 8587765
1651469102, 47, 29, 78, 0, 0, 21.25%, 10, 0, 6, 6026.87, 8619244
1651469107, 47, 51, 78, 0, 0, 21.25%, 10, 0, 6, 2246.97, 8642614
1651469112, 47, 7, 78, 0, 0, 21.25%, 10, 0, 6, 5321.10, 8673615
1651469117, 47, 11, 78, 0, 0, 21.25%, 10, 0, 6, 5716.05, 8703252
1651469122, 47, 1, 78, 0, 0, 21.25%, 10, 0, 6, 6110.84, 8734763
1651469127, 48, 4, 78, 0, 0, 21.25%, 10, 0, 6, 6089.77, 8766265
1651469132, 48, 10, 78, 0, 0, 21.25%, 10, 0, 6, 5879.27, 8795306
1651469137, 48, 14, 78, 0, 0, 21.25%, 10, 0, 6, 6079.36, 8826395
1651469142, 48, 74, 78, 0, 0, 21.25%, 10, 0, 6, 5882.23, 8855948
1651469148, 48, 2, 78, 0, 0, 21.25%, 10, 0, 6, 6060.23, 8887299
1651469153, 48, 11, 78, 0, 0, 21.25%, 10, 0, 6, 6231.77, 8919539
1651469158, 49, 73, 78, 0, 0, 21.25%, 10, 0, 6, 6040.56, 8950483
1651469163, 49, 72, 78, 0, 0, 21.25%, 10, 0, 6, 6063.95, 8980539
1651469168, 49, 49, 78, 0, 0, 21.25%, 10, 0, 6, 5707.17, 9001115
1651469173, 49, 49, 78, 0, 0, 21.25%, 10, 0, 6, 6171.61, 9033502
1651469178, 49, 20, 78, 0, 0, 21.25%, 10, 0, 6, 5912.14, 9063237
1651469183, 49, 2, 78, 0, 0, 21.25%, 10, 0, 6, 6009.33, 9094444
1651469189, 49, 42, 78, 0, 0, 21.25%, 10, 0, 6, 6032.93, 9125242
1651469194, 50, 23, 78, 0, 0, 21.25%, 10, 0, 6, 6139.85, 9156898
1651469199, 50, 49, 78, 0, 0, 21.25%, 10, 0, 6, 6017.94, 9188532
1651469204, 50, 7, 78, 0, 0, 21.25%, 10, 0, 6, 6118.47, 9219878
1651469209, 50, 11, 78, 0, 0, 21.25%, 10, 0, 6, 6019.47, 9250884
1651469214, 50, 7, 78, 0, 0, 21.25%, 10, 0, 6, 6308.27, 9283234
1651469219, 51, 7, 78, 0, 0, 21.25%, 10, 0, 6, 6324.61, 9307041
1651469225, 51, 2, 78, 0, 0, 21.25%, 10, 0, 6, 6177.59, 9338235
1651469230, 51, 0, 78, 0, 0, 21.25%, 10, 0, 6, 6093.29, 9369393
1651469235, 51, 7, 78, 0, 0, 21.25%, 10, 0, 6, 6219.94, 9400345
1651469240, 51, 62, 78, 0, 0, 21.25%, 10, 0, 6, 5976.81, 9431650
1651469245, 52, 19, 78, 0, 0, 21.25%, 10, 0, 6, 6170.24, 9463639
1651469250, 52, 75, 78, 0, 0, 21.25%, 10, 0, 6, 5802.25, 9494328
1651469255, 52, 72, 78, 0, 0, 21.25%, 10, 0, 6, 5822.51, 9522996
1651469261, 52, 49, 78, 0, 0, 21.25%, 10, 0, 6, 5897.56, 9553804
1651469266, 52, 75, 78, 0, 0, 21.25%, 10, 0, 6, 6024.22, 9585229
1651469271, 52, 10, 78, 0, 0, 21.25%, 10, 0, 6, 5795.89, 9614066
1651469276, 52, 74, 78, 0, 0, 21.25%, 10, 0, 6, 5727.71, 9643101
1651469281, 52, 7, 78, 0, 0, 21.25%, 10, 0, 6, 5980.93, 9674200
1651469286, 53, 69, 78, 0, 0, 21.25%, 10, 0, 6, 5824.75, 9704944
1651469291, 53, 10, 78, 0, 0, 21.25%, 10, 0, 6, 6184.08, 9736826
1651469296, 53, 73, 78, 0, 0, 21.25%, 10, 0, 6, 5626.30, 9764796
1651469301, 53, 49, 78, 0, 0, 21.25%, 10, 0, 6, 5904.31, 9794071
1651469307, 53, 68, 78, 0, 0, 21.25%, 10, 0, 6, 5864.95, 9824747
1651469312, 53, 11, 78, 0, 0, 21.25%, 10, 0, 6, 6053.32, 9855659
1651469317, 54, 42, 78, 0, 0, 21.25%, 10, 0, 6, 6136.55, 9887499
1651469322, 54, 8, 78, 0, 0, 21.25%, 10, 0, 6, 5967.92, 9917670
1651469327, 54, 10, 78, 0, 0, 21.25%, 10, 0, 6, 5848.65, 9947745
1651469332, 54, 10, 78, 0, 0, 21.25%, 10, 0, 6, 5978.92, 9979209
1651469338, 54, 49, 78, 0, 0, 21.25%, 10, 0, 6, 6072.76, 10010147
1651469343, 55, 73, 78, 0, 0, 21.25%, 10, 0, 6, 6175.37, 10042125
1651469348, 55, 72, 78, 0, 0, 21.25%, 10, 0, 6, 4720.64, 10071751
1651469353, 55, 52, 78, 0, 0, 21.25%, 10, 0, 6, 4256.57, 10095064
1651469358, 55, 36, 78, 0, 0, 21.25%, 10, 0, 6, 5693.04, 10126550
1651469363, 55, 41, 78, 0, 0, 21.25%, 10, 0, 6, 6219.48, 10158521
1651469368, 55, 48, 78, 0, 0, 21.25%, 10, 0, 6, 6142.10, 10190067
1651469373, 56, 11, 78, 0, 0, 21.25%, 10, 0, 6, 6043.51, 10221241
1651469379, 56, 68, 78, 0, 0, 21.25%, 10, 0, 6, 6270.45, 10253229
1651469381, 56, 75, 78, 0, 0, 0.00%, 10, 0, 6, 0.00, 10269233
